   2.02336335    
   1.95423973    
   1.90535975    
   2.19233727    
   2.44302797    
   2.07506752    
   1.92087078    
   1.85947859    
   2.24607587    
   2.09717751    
   2.07874584    
   2.34079027    
   1.91250825    
   1.86037350    
   2.11471748    
   2.13558412    
   2.05253339    
   2.17449403    
   2.31221795    
   2.32309580    
   1.95866454    
   1.92315626    
   2.29327321    
   2.22213006    
   2.01323533    
   1.88737869    
   1.86445332    
   2.35686183    
   2.29284906    
   1.98188913    
   2.38220358    
   1.83856905    
   2.21047735    
   2.20039368    
   2.01049590    
   2.13302422    
   2.38843608    
   1.86487412    
   2.16601825    
   1.97153664    
   2.25709891    
   1.89756346    
   2.19417763    
   2.39307284    
   2.07281756    
   2.06542015    
   2.30763674    
   2.00309062    
   1.92146564    
   2.36002183    
   1.85325325    
   1.96809793    
   2.34643078    
   2.28531528    
   2.33998775    
   2.07117343    
   1.97863150    
   2.26623011    
   2.17722845    
   2.36057377    
   1.97118747    
   1.95898008    
   2.40048289    
   2.00306821    
   1.99288380    
   2.31230402    
   2.10250878    
   2.33097792    
   2.39186168    
   1.98146808    
   1.95577729    
   2.02199650    
   2.12839413    
   2.37310410    
   1.85155368    
   2.43544269    
   2.26854944    
   2.02585363    
   2.35653567    
   2.05242777    
   2.25264096    
   1.90216124    
   2.13903594    
   1.83999848    
   2.21204829    
   1.90221572    
   2.06127024    
   2.13778019    
   1.88533926    
   2.02738309    
   2.13642025    
   2.11126566    
   1.96171510    
   2.38355374    
   1.92693877    
   1.93944728    
   1.96054959    
   2.39968085    
   2.28423452    
   1.90351558    
