   2.12354088    
   2.12967277    
   2.12453771    
   2.15773940    
   2.11131024    
   2.09728193    
   2.14707780    
   2.14307594    
   2.10534239    
   2.13264894    
   2.15378356    
   2.15570474    
   2.07567978    
   2.07947612    
   2.10937524    
   2.07601881    
   2.09290051    
   2.12389970    
   2.10353947    
   2.07349801    
   2.12092161    
   2.14558125    
   2.14290738    
   2.11976528    
   2.15874887    
   2.08313656    
   2.15604115    
   2.09255767    
   2.14803863    
   2.15027642    
   2.08127618    
   2.13476038    
   2.12732363    
   2.12319326    
   2.11041307    
   2.07257819    
   2.09725046    
   2.11511707    
   2.10891509    
   2.15269184    
   2.11311603    
   2.13745642    
   2.10467315    
   2.14689708    
   2.14335680    
   2.11590815    
   2.16866183    
   2.13356352    
   2.12606573    
   2.10139751    
   2.13274217    
   2.14234495    
   2.16505265    
   2.08594942    
   2.15745950    
   2.16871333    
   2.12782264    
   2.09343386    
   2.11731863    
   2.08725452    
   2.07300115    
   2.10300732    
   2.11472559    
   2.11234260    
   2.08441687    
   2.09829307    
   2.10427022    
   2.09064507    
   2.09959245    
   2.10494947    
   2.10249257    
   2.15631032    
   2.10712194    
   2.12142277    
   2.11817622    
   2.09425211    
   2.13198638    
   2.13873100    
   2.09140468    
   2.09064436    
   2.16108918    
   2.12444854    
   2.12233233    
   2.16467571    
   2.16614795    
   2.11808014    
   2.11845922    
   2.07648635    
   2.14682269    
   2.10930276    
   2.12019539    
   2.10488057    
   2.16012168    
   2.07512140    
   2.15233111    
   2.17108727    
   2.11959767    
   2.16067362    
   2.09947181    
   2.15669107    
   2.10944176    
   2.15741253    
   2.12233377    
   2.07577348    
   2.11634445    
   2.11638522    
   2.10818601    
   2.13834143    
   2.10859704    
   2.10541558    
   2.15365362    
   2.11925960    
   2.09927225    
   2.08935452    
   2.16211629    
   2.10181570    
   2.12783885    
   2.10790682    
   2.15158510    
   2.14639449    
   2.08434725    
   2.08148289    
   2.08713651    
   2.10583711    
   2.12596011    
   2.11302948    
   2.10847187    
   2.07620192    
   2.07978320    
   2.15959907    
   2.12038183    
   2.12129331    
   2.10358596    
   1.88592958    
   2.10502172    
   2.15021682    
   2.15944624    
   2.08485079    
   2.15161419    
   2.10318804    
   2.16080141    
   2.12181234    
   2.09717894    
   2.14691997    
   2.15967822    
   2.10761046    
   2.07816601    
   2.12585473    
   2.11094284    
   2.16704679    
   2.10035372    
   2.08004498    
   2.11779547    
   2.12306499    
   2.07376933    
   2.15658665    
   2.15969849    
   2.08228064    
   2.13031673    
   2.11183167    
   2.09596705    
   1.75518727    
   2.16218066    
   2.12354350    
   2.09216118    
   2.13141179    
   2.11966467    
   2.08773637    
   2.16738868    
   2.11031723    
   2.16739297    
   2.11980557    
   2.11824799    
   2.08896971    
   2.16038942    
   2.12646031    
   2.08180523    
   2.13878584    
   2.15851784    
   2.08137631    
   2.12294960    
   2.11231661    
   2.08601880    
   2.11326838    
   2.13576889    
   2.08888793    
   2.14373684    
   2.08383441    
   2.11797190    
   2.12777734    
   2.10108137    
   2.07904124    
   2.09799743    
   2.08299422    
   2.08108926    
   2.12569618    
   2.08134413    
   2.09928036    
   2.09737730    
   2.14743352    
   2.12735748    
   2.15171766    
   2.14807248    
   2.11496210    
   2.14320087    
   2.09485602    
   2.15629554    
   2.12385964    
   2.09920645    
   2.16520786    
   2.09629273    
   2.13537979    
   2.14258075    
   2.12091208    
   2.11836934    
   2.12292504    
   2.09168839    
   2.10195136    
   2.07895780    
   2.08965254    
   2.10489488    
   2.07297444    
   2.16309357    
   2.12911797    
   2.07618952    
   2.34979749    
   2.12265825    
   2.07275009    
   2.14260840    
   2.86433697    
   2.16086125    
   2.08174181    
   2.15745759    
   2.10374141    
   2.12201190    
   2.16846991    
   2.10230160    
   2.09747028    
   2.16045165    
   2.15011144    
   2.11217356    
   2.14334917    
   2.16430569    
   2.09515929    
   2.11678123    
   2.12298536    
   2.12358522    
   2.08812690    
   2.12717223    
   2.09887147    
   2.10269022    
   2.12593389    
   2.14714622    
   2.14663315    
   2.14012671    
   2.10907102    
   2.12965870    
   2.11602092    
   2.14218068    
   2.10782433    
   2.11598825    
   2.10516596    
   2.11464334    
   2.16657710    
   2.07568336    
   2.11520696    
   2.07600069    
   2.11153626    
   2.14450908    
   2.08983850    
   2.12250829    
   2.09900093    
   2.11347365    
   2.14650559    
   2.11535120    
   2.17141509    
   2.16967750    
   2.46481586    
   2.12887478    
   2.11605597    
   2.07791805    
   2.08358288    
   2.13450718    
   2.15283561    
   2.10470843    
   2.16005945    
   2.13564515    
   2.08883381    
   2.14379096    
  0.861355722    
   2.14238691    
   2.12707162    
   2.12807441    
   2.15997553    
   2.08450389    
   2.07459569    
   2.11112309    
   2.08177376    
   2.08573294    
   2.11244035    
   2.11135530    
   2.14136362    
   2.16368818    
   2.10246229    
   2.09893036    
   2.09974051    
   2.15932250    
   2.13025951    
   2.09723377    
   2.07558632    
   2.13063693    
   2.11364150    
   2.15356851    
   2.10191584    
   2.16965175    
   2.14153600    
   2.07499886    
   2.15262580    
   2.09849620    
   2.17022467    
   2.12679839    
   2.16170049    
   2.14131737    
   2.14800358    
   2.09744287    
   2.11268687    
   2.13667369    
   2.13502955    
   2.14064097    
   3.24433541    
   2.15407181    
   2.10079265    
   2.08829594    
   2.11678672    
   2.14788246    
   2.10357428    
   2.13520718    
   2.12206984    
   2.13667703    
   2.09447193    
   2.07262301    
   2.12910128    
   2.12256360    
   2.16642237    
   2.15251422    
   2.09009457    
   2.08498001    
   2.15505147    
   2.16285872    
   2.09396839    
   2.16111946    
   2.10913682    
   2.16685128    
   2.08418059    
   2.09277320    
   2.07248998    
   2.08358026    
   2.08739352    
   2.11775088    
   2.13506246    
   2.13935614    
   2.11362457    
   2.09170318    
   2.13993669    
   2.08361650    
   2.14330339    
   2.11142588    
   2.15209484    
   2.13996649    
   2.11828208    
   2.16088152    
   2.07314014    
   2.10229921    
   2.10164380    
   2.15763235    
   2.09686732    
   2.16129589    
   2.13756084    
   2.07654643    
   2.07750893    
   2.16997743    
   2.08122849    
   2.08060694    
   2.11733460    
   2.07881856    
   2.14619017    
   2.14118052    
   2.15783381    
   2.09492183    
   2.14735508    
   2.12512779    
   2.08162498    
   2.11068010    
   2.12392330    
   2.16206241    
   2.07355905    
   2.16371942    
   2.11816406    
   2.10266399    
   2.13605690    
   2.11248708    
   2.12957025    
   2.11813402    
   2.13598895    
   2.17128515    
   2.09149170    
   2.16830826    
   2.07398820    
   2.16233230    
   2.16307282    
   2.12001014    
   2.09067321    
   2.16592765    
   2.10415053    
   2.13490009    
   2.12930012    
   2.10802937    
   2.12972856    
   2.15147257    
   2.10247755    
   2.14202452    
   2.08728719    
   2.08852720    
   2.10596061    
   2.07357645    
   2.07938147    
   2.14488912    
   2.08975220    
   2.12532997    
   2.11801195    
   2.10594082    
   2.08301282    
   2.11602068    
   2.14757800    
   2.16455150    
   2.15860510    
   2.15381551    
   2.16800570    
   2.13475251    
   2.14198875    
   2.16901374    
   2.13693190    
   2.10139656    
   2.16244292    
   2.14628911    
   2.10710216    
   2.08354163    
   2.09399819    
   2.12714171    
   2.14056993    
   2.15852666    
   2.08153796    
   2.16269326    
   2.07305050    
   2.09579062    
   2.15726018    
   2.12147474    
   2.10836172    
   2.08339620    
   2.15972543    
   2.12487364    
   2.12776494    
   2.15234542    
   2.14127970    
   2.15270591    
   2.09608078    
   2.13561082    
   2.07579541    
   2.10466123    
   2.16071630    
   2.14434361    
   2.17130637    
   2.09415412    
   2.13707042    
   2.08390665    
   2.15387750    
   2.09316874    
   2.07737064    
   2.09578466    
   2.13934898    
   2.15764570    
   2.10689569    
   2.14283323    
   2.10097122    
   2.14778447    
   2.10747266    
   2.14141893    
   2.14018083    
   2.15648317    
   2.13318586    
   2.14787054    
   2.12075496    
   2.10133076    
   2.09854198    
   2.14248371    
   2.10684776    
   2.07406545    
   2.12399578    
   2.15898561    
   2.16826129    
   2.07780981    
   2.14569354    
   2.13116336    
   2.10716367    
   2.16401696    
   2.10463214    
   2.15597820    
   2.17126274    
   2.11148190    
   2.14918613    
   2.15900874    
   2.14237452    
   2.07648587    
   2.14313865    
   2.10151553    
   2.08093143    
   2.12026739    
   2.13895297    
   2.10896349    
   2.15779161    
   2.12929058    
   2.16117907    
   2.14171314    
   2.15976119    
   2.10238147    
   2.11676264    
   2.08857632    
   2.13122773    
   2.11774564    
   2.10769510    
   2.13496757    
   2.11411119    
   2.07631612    
   2.12852597    
   2.13192344    
   2.08049798    
   2.09837151    
   2.07891870    
   2.15437341    
   1.95811689    
   2.13456678    
   2.08026671    
   2.15228248    
   2.11669254    
   2.09131527    
   2.13642716    
   2.09450936    
   2.16363788    
   2.14706326    
   2.12257743    
   2.11309552    
   2.11320925    
   2.10679698    
   2.15924406    
   2.10182858    
   2.13095856    
   2.17148542    
   2.07419777    
   2.13599396    
   2.15133476    
   2.13873291    
   2.08748698    
   2.09795117    
   2.11025858    
   2.14077663    
   2.16464448    
   2.10194921    
   2.08486509    
   2.08298635    
   2.34069562    
   2.13732958    
   2.15188599    
   2.10729647    
   2.09250522    
   2.11526561    
   2.07949567    
   2.09290743    
   2.11621118    
   2.12268639    
   2.11987233    
   2.08904862    
   2.16599035    
   2.15476990    
   2.09628129    
   2.11746144    
   2.10374236    
   2.08599162    
   2.09069920    
   2.15655851    
   2.11971855    
   2.12457204    
   2.14749146    
   2.13945603    
   2.14906764    
   2.10817337    
   2.08419085    
   2.07646203    
   2.13435102    
   2.10670900    
   2.15120625    
   2.09510756    
   2.08715510    
   2.16898417    
   2.16693521    
   2.16070771    
   2.15770912    
   2.11002898    
   2.13515520    
   2.07807302    
   2.15864253    
   2.08446145    
   2.10461283    
   2.12408233    
   2.13715053    
   2.09904885    
   2.12327909    
   2.13851881    
   2.11910868    
   2.15253353    
   2.09246397    
   2.16120553    
   2.11019063    
   2.13992596    
   2.15950918    
   2.16685081    
   2.10939074    
   2.09200048    
   2.14756918    
   2.09587860    
   2.12016153    
   2.12271738    
   2.12718582    
   2.11790967    
   2.10779881    
   2.09556031    
   2.15693521    
   2.10512710    
   2.08770537    
   2.11274266    
   2.11634660    
   2.14533520    
   2.12023425    
   2.09940624    
   2.12725139    
   2.16658115    
   2.08785367    
   2.07650065    
   2.17060733    
   2.10156775    
   2.12708426    
   2.16705871    
   2.14805698    
   2.09155631    
   2.08096957    
   2.09131765    
   2.16682172    
   2.16380787    
   2.14524412    
   2.10185599    
   2.09316349    
   2.10487556    
   2.13263369    
   2.12462354    
   2.14030838    
   2.09885144    
   2.09242320    
   2.14400864    
   2.15427899    
   2.08290696    
   2.08414197    
   2.08421993    
   2.09840584    
   2.08845329    
   2.11218143    
   2.14886475    
   2.13373733    
   2.07356048    
   2.09627914    
   2.12888336    
   2.07263899    
   2.14061928    
   2.16897655    
   2.15770435    
   2.07489824    
   2.14051294    
   2.14273024    
   2.13414478    
   2.15489197    
   2.14488912    
   2.16318822    
   2.12007809    
   2.11230588    
   2.12059927    
   2.16587234    
   2.11530924    
   2.09562588    
   2.09759283    
   2.12938833    
   2.12499857    
   2.15086889    
   2.07659483    
   2.12525082    
   2.08169794    
   2.10705328    
   2.10528016    
   2.15499640    
   2.12814450    
   2.13385487    
   2.08426476    
   2.07816553    
   2.09226656    
   2.11628485    
   2.08351970    
   2.10962009    
   2.15320110    
   2.07576513    
   2.12696028    
   2.08219314    
   2.11646676    
   2.07339478    
   2.16453266    
   2.14384484    
   2.07245803    
   2.15501189    
   2.13784814    
   2.16769910    
   2.11697292    
   2.10230255    
   2.14520001    
   2.12294793    
   2.11365604    
   2.08730316    
   2.13204741    
   2.07858133    
   2.15807128    
   2.13982844    
   2.12703753    
   2.14231324    
   2.16095185    
   2.16154933    
   2.13486791    
   2.08823609    
   2.12418509    
   2.11151981    
   2.12737632    
   2.14653492    
   2.10334587    
   2.15845013    
   2.16784024    
   2.15443540    
   2.14502621    
   2.16705704    
   2.10797071    
   2.09492517    
   2.10335636    
   2.08212328    
   2.07497716    
   2.13551879    
   2.10482144    
   2.16423726    
   2.11358786    
   2.14015245    
   2.11810684    
   2.16571188    
   2.10509729    
   2.07881427    
   2.10352969    
   2.11176229    
   2.07873774    
   2.10415268    
   2.08206487    
   2.17103291    
   2.07686973    
   2.15175724    
   2.09521008    
   2.17063308    
   2.14773798    
   2.08852053    
   2.09248137    
   2.14021349    
   2.07286978    
   2.16619372    
   2.10182452    
   2.11208248    
   2.16771913    
   2.07808733    
   2.10974908    
   2.15995312    
   2.09670472    
   2.10246658    
   2.16895080    
   2.66358066    
   2.08653569    
   2.15519357    
   2.12447238    
   2.12242460    
   2.16654444    
   2.08925486    
   2.12530828    
   2.09529686    
   2.08557010    
   2.12650871    
   2.07225633    
   2.15853286    
   2.09950233    
   2.09917402    
   2.14662743    
   2.13523006    
   2.16306877    
   2.15224195    
   2.07966089    
   2.07743335    
   2.13499665    
   2.10843587    
   2.12662530    
   2.13025641    
   2.15750718    
   2.10189080    
   2.14184380    
   2.15315533    
   2.16481519    
   2.07356477    
   2.07818556    
   2.15113187    
   2.13911366    
   2.16536069    
   2.11896420    
   2.10340261    
   2.15959287    
   2.12392068    
   2.11168599    
   2.09870028    
   2.12989283    
   2.10782719    
   2.15227723    
   2.10958052    
   2.10224938    
   2.16357923    
   2.17120552    
   2.14926481    
   1.35930216    
   2.14314866    
   2.08666420    
   2.09977245    
   2.08309841    
   2.15323019    
   2.07469511    
   2.12264013    
   2.10817575    
   2.11393881    
   2.07973003    
   2.09308362    
   2.11918664    
   2.16702199    
   2.09279609    
   2.12424541    
   2.07762313    
   2.09248662    
   2.11766791    
   2.11195278    
   2.10665727    
   2.12365794    
   2.10371232    
   2.11335206    
   2.08153701    
   2.09754705    
   2.12929940    
   2.14149380    
   2.16855931    
   2.16921854    
   2.12716889    
   2.15426302    
   2.12224150    
   2.13907671    
   2.07712317    
   2.09871292    
   2.13068247    
   2.15524888    
  0.454325497    
   2.14736009    
   2.10304785    
   2.13587046    
   2.11887050    
   2.07886648    
   2.10198188    
   2.10663056    
   2.16344285    
   2.11564851    
   2.11130214    
   2.09120822    
   2.07625556    
   2.08816171    
   2.08908343    
   2.13472104    
   2.09318137    
   2.12428880    
   2.10469413    
   2.16364169    
   2.09606767    
   2.08648920    
   2.16554070    
   2.08426929    
   2.10623598    
   2.15838790    
   2.15118289    
   2.10282230    
   2.15785646    
   2.07273340    
   2.07458162    
   2.10751677    
   2.14687276    
   2.12519169    
   2.16777611    
   2.15934873    
   2.10339880    
   2.14429975    
   2.15582585    
   2.15800548    
   2.14186144    
   2.12282586    
   2.09129167    
   2.11610270    
   2.16181087    
   2.08660531    
   2.08181834    
   2.15251470    
   2.11855412    
   2.09337854    
   2.13514137    
   2.11474681    
   2.13730979    
   2.07629132    
   2.12846899    
   2.15729547    
   2.13196921    
   2.14577270    
   2.07292247    
   2.09258580    
   2.14409375    
   2.16673136    
   2.16990924    
   2.16179347    
   2.16943192    
   2.09029031    
   2.16071653    
   1.71161616    
   2.08153987    
   2.16298127    
   2.12965107    
   2.12021494    
   2.08566999    
   2.09470987    
   2.10627508    
   2.07655525    
   2.11886883    
   2.12764430    
   2.09274316    
   2.16317320    
   2.12457013    
   2.12334657    
   2.17077303    
   2.11870694    
   2.15188789    
   2.16528416    
   2.11262608    
   2.11893511    
   2.15642524    
   2.07459211    
   2.08968568    
   2.11820817    
   2.16619825    
   2.10821533    
   2.12930322    
   2.12931728    
   2.14075255    
   2.07457972    
   2.08131123    
   2.10412574    
   2.07451844    
   2.09010124    
   2.14215636    
   2.10227752    
   2.13082170    
   2.11390495    
   2.10795832    
   2.15144110    
   2.11920571    
   2.14812899    
   2.10221815    
   2.11637974    
   2.13697982    
   2.10413456    
   2.12432528    
   2.14683986    
   2.14866352    
   2.09847808    
   2.12996173    
   2.12022018    
   2.10303116    
   2.09351611    
