   1.02170908       1.42284381       5.69751978    
   5.61405563       5.75252390      0.373238206    
   1.81232357       6.63695478       5.15283680    
   9.49390984       5.93382549       4.71536255    
   7.96237850      0.828371406       8.50876331    
   6.22473621       4.85976982       9.74679756    
   3.46529865       1.62963080       6.05899429    
   5.83337402       7.75588655       9.50557423    
   7.70147705       4.28348398       2.61751938    
   5.12069130       5.74595499       7.15605974    
  0.144822121       9.11692619       1.47606874    
   1.64453602       7.74374771       5.05202579    
   4.98094845       6.49758244       8.74384785    
   2.06375551       1.77567029       8.67891407    
   5.83212471       8.39232922       5.18574524    
   9.65439510       5.13463306       7.51920223    
   2.17262650       2.74467182       8.86919022    
   4.82708120       3.23446274      0.806257606    
   4.65573740       9.85906982       5.04706621    
   7.71635628       7.45169640      0.462772429    
   8.97375107       4.30779600       7.15017939    
   2.59588552      0.958546638       6.68831205    
   4.73945141      0.488585562       9.79162884    
  0.100722015       4.61222029       5.82435226    
   4.80578423       9.51805210       5.90968037    
   2.67035484       8.74468136      0.502375960    
   7.18300533       9.52219772       9.35000038    
   9.21433163      0.229765579       6.42096472    
   8.03129959       8.32939339       7.13192081    
   8.37838936       8.37564468E-02  0.716498375    
   2.40080333       1.12548769       2.75372648    
   4.67129374       6.18502331      0.526033401    
   5.38656807       8.49762058      0.985381246    
   2.80847192       5.83164454       6.25629950    
  0.933993459       2.61273479       1.43972623    
   4.80576515       6.27681732       9.68771839    
   4.81076336       4.83318043       7.53108311    
   5.86624861       6.66550589       8.12864208    
   4.52605391       8.50673199       2.81146097    
   1.56542659       9.21710205       1.48653555    
   2.31753397       1.18978930      0.279820919    
   3.13669014       2.08153057       6.57851267    
  0.424089432       1.30252993      0.347828150    
   3.55901909       9.20352459       8.60641861    
   3.41606975       7.02417994       2.91417980    
   5.34248257       3.51262188       1.82969224    
   7.61494112       9.63511658       6.42442799    
   1.00199127       4.69397402       2.78655863    
   9.89082336       3.51656604       3.46530819    
   6.68347120       1.16228080       3.66085720    
   6.26955509       9.60381985       9.88405037    
  0.883298397       4.87761259       7.00572824    
   1.50592935       8.31766319       7.38763952    
   6.05035734       1.87328744       5.01557732    
   5.58823299       3.11960721       9.50948429    
   9.71175194       6.30385733       1.67163444    
   1.38141537       3.25382566      0.897896945    
   7.44326258       1.00796008       7.99608231E-02
   9.91219807       4.65700579      0.845850229    
   1.45020986       5.77362061       4.88745928    
   2.65550137       2.70139599       7.56606197    
   8.10096645       7.01969385      0.511970043    
   5.76602125       8.76348400       4.31929398    
   8.43207359       3.64573431       6.87410402    
   5.40843296       6.31290913       8.27989292    
   4.79348803       8.90491772       4.32663727    
   5.59283686       6.84298372       5.88090754    
   7.40816641       8.51749706       7.99866343    
   7.20049381       3.26270556       3.77742910    
   3.33611894       1.01834333       5.21772146    
   5.43191290       8.77745438       2.32482624    
   9.38489151       8.95173168       7.63101339    
   6.29025936       7.87277508       6.50056505    
   1.74407554       8.25990677       3.93546391    
   4.85949564       9.60992908       8.96443939    
   2.81608391       6.79036331       6.54804754    
   2.98730826       9.73778915       6.86015558    
  0.860008240       4.78279543       1.94151664    
   4.31752253       9.14500332      0.211363196    
   2.38999271       3.07586265       4.86683273    
  0.672143936       5.42711639       4.27424526    
   6.83145666       5.08343554       1.14681673    
   8.74757481       2.89211583       5.24712610    
   6.84653997       1.31109905       1.59493482    
   9.50773430       8.51461220       3.13158488    
   5.27304649       6.55345488       5.01347971    
  0.652110696       9.59832001       6.08750820    
   7.02738953       9.90545559       9.53545761    
   7.81843233       6.77246284       4.22412491    
  0.151802659       1.44580650       4.22102547    
   8.47987556      0.695991516       2.51277709    
   2.73188925       6.80468082      0.739099741    
   9.44601059       9.03737068       3.57986450    
   2.09521723       4.82559204E-04   9.97863483    
   2.09402990      0.658780098       4.42009878    
   9.12442493       3.22140169       4.61867905    
   6.50619602      0.649875402       1.40333176E-02
   1.64182162       1.43968105       4.06492949    
   1.97412241      0.878114820      0.130680561    
   6.17927885       9.10403824       7.78478336    
   4.98769951       8.26801109       6.76337767    
   7.56864262       1.01966226       7.69200802    
   4.05456257       2.16879630       6.46769667    
   9.75840187       6.11352634       5.39232111    
   6.32413197       5.80236435       1.33282876    
   6.42522383       2.30078578       9.78494263    
   6.10101843       6.91378069       8.32389736    
   7.64434242       6.91790056       2.96021533    
   2.71060061       3.68089557       2.93629026    
   6.29505205       4.79652643       2.28022599    
   4.14214087       3.80426955       5.41805649    
   3.71024227       5.83195114       2.21555519    
   2.55431294      0.548629284       1.62492061    
   2.49191356       4.74387026       7.44545841    
   5.07729864       9.36025143       7.81489372    
   7.40389919       4.83772612       9.83518028    
   3.77356720       5.30828142       3.24250460    
   4.81492519       4.15162897       7.14746666    
   9.53837681       2.74729466       8.42628860    
   4.85142899       5.17325115       6.82502890    
   7.12007809       9.60737133       1.10615897    
   6.17308378       4.06351852       7.65771914    
   3.02601361       7.65431690       2.27171898    
   8.30401325       5.57301807       6.15339661    
   6.56129503       1.28660417       2.49779701    
   7.72612858       5.61928988       5.74664974    
   4.32542038       7.31992769       1.38516045    
   5.20813799       1.75125957       7.13465309    
   1.55807662       7.98151398       4.72442484    
  0.576781869       3.51510692       6.44340515E-02
   7.81203842       6.66911459       6.32879305    
   8.33430958       6.77461338       5.99177170    
   1.86577940       3.74683142       3.54516935    
  0.470093012       4.49373674       5.71881485    
   6.08792734       5.91560888       7.05747652    
   2.34077001      0.228491783       3.36075044    
   6.89627504       4.58500051       1.66247010    
   4.21282053E-02   3.59909058       8.63124657    
   4.31512642      0.841165423      0.387830228    
   9.57648373       7.50691128       3.46538234    
   1.93879652       6.22239923       3.84356594    
   3.47493076       5.69783592       1.58364844    
  0.802019119       8.60922337       6.65463686    
   4.94137526       8.34485722       4.56033993    
   2.02323771      0.370038033       6.94540501    
   9.89114857       8.71133041       8.19498920    
   2.17312288       3.59831905       6.01830769    
   5.95541573       7.53767300       6.74409723    
   8.55676556       2.16808891       9.15910244    
   3.29411125       4.54824066       7.41907692    
   4.00695753       1.61625421       5.47685862    
   7.64482546       2.71774554       8.28736401    
  0.192753792       2.86594629      0.464353561    
   2.81580997       9.52787018       8.26024532    
   1.28205538       6.27430677       5.86587620    
   4.88566542       3.59507322       8.55151081    
   3.15049887       2.90417480      0.870011806    
   3.76431322       8.96953106       2.24609280    
   7.10652685       3.40921593       2.39725113    
   7.58022833       2.23093176       9.64436054    
   1.53015566       8.86560631       8.41125202    
   1.53754604       6.08065987       6.57796288    
   9.81542015       4.57608223       3.21498370    
   7.29694986       6.09142780       5.71435452    
   5.37127161       5.73549128       8.74742889    
   2.15075445       2.01465178       1.09215462    
   7.24439001       5.17962170       6.41214609    
   3.88418245      0.186244249       2.61802506    
   6.92730188       3.70699501       8.02981567    
   9.16186571E-02   1.39920688       5.46497631    
   2.96390676      0.817488670       4.85433912    
   4.51820040       9.86438560       1.23085749    
   6.18203402       6.16880846       6.78896523    
  0.777686119       3.09781623       3.58944654    
   9.27958870       1.15898108       5.83423615    
  0.142248154       3.93787718       5.24956226    
   2.98695254       6.86036348      0.697497725    
   2.97454071       4.39964294       7.80664253    
   9.44149208       4.69039774      0.885608792    
   9.94780350       4.58811903      0.114125133    
   4.81125212      0.613844752      0.460567474    
   4.70401192       3.69842815       1.50234556    
   7.27714968       4.31882095       7.22485924    
   6.18239594       8.31696796       8.58010101    
   5.92969561       8.82245827       5.70567560    
   3.91753626       4.00399017       3.02088928    
   5.67531252       1.95827436       2.11394405    
   2.81280804       4.25433302       1.43014169    
   2.65913486       1.20887899       7.02846909    
   3.78143477       7.66709471       9.79413700    
   1.27996778       7.49941158      0.925668955    
   3.63772845       8.76166821       4.29721546    
   2.88023734       6.03432560       5.55688953    
   8.61040115       1.31702375       7.36125755    
   2.43817902       1.30766344       8.78207493    
   1.16205001       7.52618790       1.53404999    
   1.73164093       4.29436159       9.53618526    
   3.17524624       2.73353887       3.02760959    
   9.21515274       6.55579662       6.72770214    
   3.74160504       9.65443802       4.99748468    
   2.10804224       9.28397942       2.24758983    
   6.98882198       2.59565187       5.69420815    
   8.43579865       3.93273044       2.99298310    
   9.18131065       7.42028475       8.23698044    
   5.87778091       3.75994301       5.55971050    
   4.54649305      0.485939503       1.10354948    
   4.13601685       6.20752764      0.132142067    
  0.997016907       3.22864676       1.57979286    
   5.74059772       8.43952179       8.32619095    
   6.12645483      0.107857704       4.35093594    
  0.750265598       4.66144514       5.50307083    
   5.62606859       9.05700588      0.837286949    
   9.08242130       8.63889694       5.17912388    
   1.98642182       8.91160393       8.15955544    
   5.99134016       7.88860989       7.75825405    
   9.95445347       4.33974648       5.39866018    
   1.10594153       8.94463634       6.24335527    
   2.61127043       8.59397507       3.43294144    
   9.40717316      0.248992085       4.21688509    
  0.650515020       3.56938982       8.59913826    
   5.03052950       6.75651121       5.27144766    
   5.69376802       8.86734962       1.03687739    
   8.27426529       4.14283609       1.99096251    
   1.36818886E-02  0.128921509       3.53915763    
   2.77434969       4.06629562       1.86886692    
   1.27345300       8.52173233       6.24223566    
   6.22992373      0.755916059       7.81712151    
   7.89304543       7.91804886       3.56971765    
   6.15203953       8.00337696       1.00949001    
   3.64880276       6.90367365       6.77038860    
   6.95769024       2.28455377       9.90042973    
   5.45020676       1.39231026       3.74856663    
   8.26867771       8.12112999       2.35686302E-02
   5.94577026       4.38471556       7.79680729    
   3.51872015       6.20691061       7.37535858    
   4.91434479       3.46585798       5.81907368    
   5.40576220      0.899961770       9.85334587    
   5.94219398       1.26268959      0.667823195    
   3.07806182       2.10059643       5.62313318    
   7.64311409       5.91619539       6.43519831    
   8.46146202       8.52827549       3.39525723    
   3.79213428       8.23727036       7.62214041    
   4.64655066       6.94137478       4.55056429    
   7.94050407       3.45752239       2.39285350    
   4.20998764       3.63938665       7.64398527    
   5.13850164      0.325418472      0.459201813    
   2.99937248       7.35613966       6.68464470    
   7.28514385       6.69559145       7.39342499    
   4.42081833       3.74351263      0.125059485    
   9.97780228      0.990503669       5.45775938    
   8.40874863       9.02353573       4.02666473    
   7.03015804       4.22614288       9.35334301    
   5.53417253       1.52192163       6.24022675    
   8.26619816       5.41563416       9.67641449    
   7.50543594       2.66461563       3.07837868    
   2.22290325       2.53410077       9.23820496    
   4.89748192       2.26575184       1.63435698    
   7.31392908       3.77611303       1.12197888    
   1.27617049       1.34769154       7.23253059    
   5.64591980       2.00334239       9.10871220    
   2.46324992      0.184630990       1.91078639    
  0.274239421       5.29009199       2.20091486    
   8.79743671       3.19379091       5.95899820    
   6.89094543       4.88585567       1.74241900    
   6.46576834       7.95958900       8.51874733    
  0.452651978       6.19352293       2.06611156    
   5.05749226       8.82218933       6.75229216    
   3.27195764       9.33209419       3.14997244    
   8.86661434       6.21217012       6.00155735    
   6.37312603       4.46817255      0.234017372    
   2.65771818       6.47039461       8.78526592    
   6.99032068       3.83030128      0.946581304    
   5.57580709       8.17594242       8.56713200    
   9.87896729       8.61599159       5.18150330E-02
   4.94871092      0.157709360      0.164575934    
   5.52596569       2.50145102       7.45965767    
   6.72518063       9.56889725       9.97794151    
   8.69731903E-02   5.76411343       8.92766380    
   7.23729229       6.31412983       1.32713163    
   5.08520365       3.19048953       5.34067822    
  0.986993313       8.76364708      0.936666965    
   3.34130740       6.61316967      0.945495725    
   4.27112341       9.42442036       8.36459923    
   7.11202574       9.84777927       5.61541891    
   9.67930031       6.78801727       2.90511894    
   1.08355474       7.06613779       4.37103224    
   5.98858500       4.21300507       8.73157120    
   8.22368622       2.69585800       9.71566772    
  0.768588364       2.66962004       8.72354221    
   4.93566084       2.47294521       9.70172501    
   7.86650467       3.84553671      0.349653125    
   2.15855908       4.30564547       3.84629583    
   6.31140804       5.04112816       3.85948658    
   5.44663525       4.24999571       7.17156506    
   2.58146381       1.14987528       5.56370163    
   8.34780502       5.85029459       3.35931063    
   6.59857035       8.68900967       8.72440624    
   1.79113138       9.37642765       4.70791817    
   6.67171717       4.79236031       5.23502350    
   6.05984592       4.48693657       4.05293274    
   2.82055616       2.88735366       8.69534779    
  0.966321409       4.75119448       5.67770100    
  0.246253967       3.83671093       2.58465290    
   4.37358475       9.71943092      0.468549728    
   4.68717146       3.85699654       2.05134130    
   1.03801000       2.39498329       9.59068108    
   1.07487214       8.08487797       1.75625277    
   5.64537859       2.87359428       3.17232418    
   8.50720406       4.98325109       9.28592587    
   6.27685881       4.39367104       2.69871545    
   5.17180586       2.34769440       6.81025171    
   5.78512955       8.39819145       3.89659762    
   4.46411467       4.97800350       2.24820375    
  0.993678451      0.316675305       6.86028051    
   9.14845085       5.87734890       9.52889347    
   2.48028088       2.48556972       5.55762482    
   8.77592945       4.16926718       2.68499660    
   6.44555473       6.26330805      0.601873398    
   2.81851912       9.59408283       5.87618303    
   7.39452934       9.09983158       8.83176613    
   9.73077869       2.46984220       6.67932034    
   8.79290390       7.88433170       6.17227316    
   1.85188770       9.56959128E-02   8.54446602    
   2.29406404      0.101995468       7.30747318    
   3.70305014       5.32443762       5.67691660    
   9.74760056       6.77188063       6.89415121    
   8.14715767       5.93867874       5.39624023    
   4.51560688       8.36218071       2.28383493    
   8.97038460       4.47121096       1.30158424    
   3.56200838       2.15819645       9.46356487    
   5.29092264       8.66875935       1.43316364    
   2.65188241       4.02350664       6.91553307    
   7.60234451       7.53975391       7.59405184    
   3.15709257       9.41386032       3.97840214    
  0.594365835       4.50026226       8.65081882    
   2.79626513      0.717083991       6.65820217    
   7.10290337       6.88965607       6.66538048    
   5.43682098       4.23200893      0.375819206    
   8.62534618      0.927583933       9.16171741    
   5.56108332       6.34409189       2.82947397    
   4.84403992       8.59594440       2.80318356    
   7.04039764       4.83885193       7.60101748    
   7.31445026       7.91094303E-02   6.09139013    
   4.66003799       5.38332748       2.31076884    
   1.35822678       9.60815525       1.93302250    
   6.34895611       8.28409100       7.03842402    
   3.25476933       5.36480474       7.68313169    
   4.45195770       7.95707512       3.89852667    
   6.31557560       3.41559291      0.869455338    
   1.23906088       9.56381130       3.05654812    
   3.31710982      0.232202530       8.89035988    
  0.192582369      0.786251426       7.92043972    
   1.45575905       1.53424358       6.18994951    
   4.86896896      0.644013405       9.53911018    
   6.21240807       4.75686598       6.97678232    
   4.06525087       3.51207829      0.680786848    
   7.06318569       6.24605846       2.25193310    
   3.61138391       2.95795941       6.47356701    
   4.03224325       9.85285282       7.37760735    
   7.56684113       1.33155298      0.194485664    
   9.07534122       2.85890770       1.92444968    
   4.78454447       7.16517401       5.55240440    
   5.75684166       5.56520844       1.64272261    
   3.52065420       2.89209390      0.808225930    
   2.37372589       5.03530312       2.82030940    
   8.74543667       6.29002953       5.50006485    
   5.64085674       5.36983490       8.79389381    
   8.37417698      0.289918900       1.73233020    
   4.33637428       1.07185340       6.48861742    
   1.89922345       9.65386581       5.76587582    
   1.91186035       2.65893936       6.03087950    
   6.52939939      0.459837794       4.13152027    
   8.60972977       9.89155674       1.17822886E-02
   2.44872403       3.33072209       9.39465332    
   2.36428952       4.28596020       2.87054849    
   2.04887104       2.42630529       8.19472027    
   9.37033176       7.37498093       5.29289150    
   3.62293553       9.10657024       4.11554813    
   9.37546730       6.86818886       6.65542364    
   8.40793896       6.40312338       1.05618930    
  0.537364960       7.82791185       4.19738483    
   3.03692794      0.310820818       3.88514090    
  0.194913492       7.23168278       7.03438902    
   5.19679022       5.83953905       9.18573189    
   8.65454578       9.36669922       2.67024493    
   9.13870907       5.54824734       2.61735415    
   9.64637375       7.38451385       8.44540977    
  0.494679451       5.26203346       8.75153732    
   5.05467606       4.50453424       1.94778597    
   2.58855152       4.65388250       9.83604050    
   4.97345972       8.90713882      0.725958347    
   6.43933582       1.87614489       4.64952517    
   9.25989056       1.57913339       7.30512905    
   9.56128883       4.87404776       1.91114891    
   2.57098842       3.15088892       3.07600451    
   6.39625740       8.96306896       4.44854116    
   1.58173656       3.28465891       2.02254939    
   5.40891838       1.07054377       8.31365585E-02
   2.69777632       9.64587593       7.29974031    
   8.13491440       2.13480234      0.785407603    
   6.82925081       2.41917562       6.87464428    
   2.00505400       3.82651973       8.09784412    
   8.01452446       9.10410213      0.405607224    
   9.37701607       4.67978907       8.67701435    
   2.31062794       1.29969597       9.55613041    
   7.36543226       6.39520025       1.99592686    
   7.93624067       7.45903492       3.51914644    
  0.738095760       8.82108784       3.76813889    
   5.24397182      0.151023865       1.86402249    
   7.13472080       4.52789116       8.90810394    
   9.60411072       4.78718424       3.42469907    
   5.79694223       4.78131247       7.48603535    
   4.44284010       1.38118637       9.94531250    
   2.16291881       4.87321377       7.02364588    
   5.79861450      0.565098643       4.32403278    
   9.86887455       7.36020088       5.47496510    
   3.63723612       9.60354328       9.24663162    
   2.52489328       1.59390545       4.71846056    
   9.28734207       9.42344570      0.224694252    
   7.93932772       8.74088478       7.00910854    
   9.51214790       5.43613720       4.85686207    
   7.23269987       6.09103441       4.68267488    
   2.31623363       2.48199272       7.94056225    
   3.04297566       3.60075426       6.49781799    
   1.15685952       7.61453581       8.78866482    
   9.87123680       3.85762453       5.64678478    
   4.83298111       4.18091202       6.75153065    
   8.94470024       1.88220489       3.00216246    
   9.94271469       1.63907218       7.25953102    
   5.33456326       6.41451836       8.15299606    
   3.77729821       6.69518900       8.55863476    
   9.84293747       4.90906906       1.90239894    
   5.28718185       5.00997496       3.25990367    
   4.52937746       9.58530807       4.06546593E-02
   4.28567028       6.00982571       8.59131241    
   2.31193256       5.63968706       6.98583603    
   3.91785693       9.98227978       1.87649155    
  0.859459877       9.40224743       3.46088910    
   6.66684437       3.68317842       5.95327997    
   4.31702232       4.30767965       2.39893079    
   6.80952501       7.03369331       7.47668028    
   8.02443218       9.69731140       7.12031698    
   4.83203411       1.64983356       9.10285950    
   5.50350189       3.96159720       7.25243282    
   2.46177602       8.73698807      0.857249975    
   8.58484745       7.30061769       4.83177471    
   1.67466354       5.46452236       5.99681950    
   2.15450573       5.38727474       6.36760283    
   3.33390355       7.50999832       9.52805138    
   8.14201832       2.48075461       9.64556885    
   6.25541162       5.57389164       9.95603085    
   9.81313705       5.26487255       4.33947992    
   5.66297770       9.25737286       4.66711712    
   2.40887833       2.39381599       9.93486977    
   4.20484114       4.45274115       9.81424522    
   3.73677301       7.76554203       7.53302383    
   9.27924061       4.25085545       1.49076557    
  0.284678280       3.60035563       2.83758783    
   8.13479137       4.53059578       7.45268917    
   2.51577115       6.30889034       9.76416969    
   2.78155184      0.463665962       4.67688465    
  0.333642006       9.50493431       4.37405443    
  0.807147145       9.89673901       3.44785190    
   5.48685122       8.24639511      0.374268532    
   6.40522623       1.58140588       2.52698207    
   1.54292631       8.75935745       7.31634474    
   8.57389927      0.555646896       1.38995743    
   8.76186180       3.21400857       1.53283405    
   4.63203716       2.80566216      0.134813309    
   2.05755472       6.00630951       7.53004503    
   9.86808872       6.29928970       8.41435146    
   8.17523289       4.79242659       2.11349320    
   5.88542366       9.15053177       9.81590366    
   2.07038832       1.11823416       1.92783713    
   1.09127426       5.95310974       5.00683594    
   6.23000240       3.56695437       6.51763248    
   3.90648079       9.35361385       7.52603292    
   4.08514881       9.80193329       5.34866095    
   7.37986469       9.05396461       6.18759680    
   1.64848733       2.18821287       2.20750499    
   1.44384098       3.23770308       3.65833282    
   6.93659353       8.04626274       2.07048106    
  0.935075521       1.59261131       7.30067205    
   8.69831944       7.58996582       6.89112282    
   3.87072563       4.77503824       8.19885921    
   9.06724644       4.62773037       7.19351578    
   6.73826504       7.46693897       2.61751032    
   1.53317750       6.81332874       2.49701023    
   8.20338535       1.02940369       1.72030210    
   4.06524611       3.79075980      0.600191116    
   9.76442146       3.53494477       6.00378370    
   7.32223129       5.48289919       5.75256205    
   5.17297888       3.53018141       4.84159136    
  0.886225760       3.60557365       5.76776695    
   4.71558952       2.63317513       2.19093466    
   7.27542830       4.97243786       8.13594246    
   1.68469059      0.298044205       1.36357844    
   6.24075031       4.70204735      0.500510335    
   9.01332760       5.92558527       1.42283547    
   3.12724996       6.77101660       1.00790119    
   9.57832336       2.45553637       2.62786818    
   2.95761442       3.61424780       2.65711784    
   4.51778364       7.15769148       4.16106796    
   4.35119867E-02   3.61185884       8.71791840    
   6.63011122       6.63673306       2.34029794    
   1.33808076       4.96550608       4.94663382    
   2.89206266       1.69449508       1.03108788    
   2.00031853       4.93862581      0.362329483    
   2.13034010       1.47221661       1.45779228    
   2.55491543       1.45430410       8.33937836    
   8.55290794       4.09245777      0.237085640    
   4.15300179       4.89460230       1.11244404    
   2.24176002       3.50102711       8.74935055    
   9.20689964       8.01391220       4.02616882    
   7.87083054       7.28349352       9.68074417    
   7.58561277      0.292049170       9.61128807    
   1.43615222       5.01237249       1.76279366    
   6.21151114       1.52997398       8.31961250    
   4.36672258       6.49507856       2.53204727    
   2.53704643       3.09102774       7.76743317    
   3.50982761      0.791404724       9.10987282    
   3.43528247       8.32500839       9.24312115    
   5.38991737       8.65316868       2.66099429    
   2.04865098       1.88778496       7.36266565    
   6.86436796      0.208122581       6.20499849    
   4.19093323       9.92843819       9.87322521    
  0.333657980       5.39932251       9.44102955    
   7.46241665       4.48870659E-02   7.60860920    
   9.35209274       6.02875662       9.69605732    
  0.173950195       9.10791779       9.69319820    
   2.22305560       6.60334206       5.54901218    
   8.25668049       7.98698330       8.21724606    
   7.80326986      0.684503794       6.91760540    
   1.40070915       6.36415339       8.78530025    
   7.25610113       5.11219978       9.88370132    
   9.03557491      0.151186228       4.75702143    
   4.73211479      0.920568347       7.38358545    
   2.04549456       5.01742220       2.03174210    
   6.88040876       4.64108467       7.43841171    
   5.82529688       1.98259807       8.25465584    
   4.79124784       4.74220943       1.44720268    
   5.83531952       6.70509911       8.00087547    
   6.65115261       4.35649252       2.19898486    
   5.36348867       2.59846950       7.84272003    
   2.17105198       2.82547498       2.55859518    
   4.91468525       6.11983490      0.151310921    
   8.34214211       7.03117561      0.541360497    
   1.69134903       1.47657585       4.13280964    
   1.11916983       9.96902084       9.56023788    
   7.71208096       7.96827555      0.801126361    
   5.01633406       9.86466694       7.44333744    
   3.49264216       5.38844204       1.90442920    
   4.07565546       5.61716700       7.30417347    
   7.57022190       6.87485409       1.94679463    
   3.11694217       2.14926696       8.62407684    
   4.49883175       7.18174934       1.96846628    
   2.25229788       3.32832456       4.32800436    
   6.65873766       1.15228355       1.82559752    
   3.89226317       8.03129005       3.84849668    
   2.76648474       4.63459301       4.47573376    
   3.06870294       4.45363522       1.19444513    
  0.212139249       4.21667862       2.80583715    
  0.811961174       7.01423216       3.50706172    
   5.70257473       6.37931633       5.53445816E-02
   1.83693850       7.41432571       6.21634531    
   3.27823067       5.82366467       5.83731413    
   5.89629173       1.34191394      0.690198779    
   9.70513344       3.39182258       3.55231023    
  0.844783306      0.685347557       8.98749256    
   4.23636818      0.216379166       8.72247982    
   9.29403400       2.83563375       4.92393780    
   4.83606148       9.19179535       5.57832861    
   3.92097640       4.11730289       6.79829502    
   3.68698406       8.50302219      0.295216560    
  0.661407471       4.18640804       1.02174854    
   2.53964329       4.47418785       8.52137375    
   2.44882607       9.64944267       6.50150728    
   9.84248352       6.90198946       8.68368816    
   8.26967812       1.67987037       4.14494038    
   6.51205540       4.00200462       3.40804696    
  0.308564186       8.10168171       4.82181978    
   3.80816531       6.82471323       2.19244385    
   7.92914581       8.92934608       5.55116272    
  0.902298331       2.13066626       9.88422489    
   3.57807708       1.97233737       5.95812941    
   7.15784883       7.52263212       2.26921892    
   1.60174596       1.17468047       5.97951365    
   3.78433752       3.84481597       7.11668491    
   3.42728710       8.05424690       7.26900959    
  0.360439301       8.43130970       9.96377468    
   6.28032017       8.29904079       7.93465805    
   6.80560684       9.27392387       2.62216187    
   6.51077461       3.94933701       3.61270905E-02
   6.68772840       6.70124865       9.09914494    
   3.64801121       3.19137335       6.82962418    
   2.76441574       8.34079266       4.39949512    
   1.43137693       2.94157171      0.249659136    
   7.24954224       1.85219550       3.82415318    
   7.71411991       5.87634277       5.73648453    
   8.10966396       9.77610397       4.25070906    
   5.86333418       9.76902676       1.53954434    
   1.03220022       7.30743885       1.58106661    
   9.42736053       3.69003868       3.74326420    
   7.85382652       4.67976999       5.96076822    
   9.16213608      0.796592712      0.405297279    
   3.06890488       8.40999126       8.72445297    
   5.04248476       4.66352987       1.00588799E-02
   7.05304050       8.23170471       8.56439686    
   9.13820648       8.22495079       7.82469034    
   3.11214018       3.00383377       5.33535099    
   7.55351734       6.45363092       6.09878635    
   3.21866560       4.80695963       4.85121584    
   7.14062834       7.85230827       6.32606125    
   4.78004932       7.23665810       1.70749557    
   1.87803233       5.96491337      0.456949234    
   1.99124455       4.15376329       6.67508125    
   5.91353703       9.90991116       6.34852791    
   1.14691353       6.94149351       3.02777648    
   4.21593046       8.27677059       1.67211473    
   1.48532474      0.678615093       6.69883156    
  0.705970526      0.933760643       9.87721348    
   7.41021204       5.98308277       6.06251907    
   1.91946507       4.16495562       1.20538223    
   6.06247187       1.81935191       3.45356417    
   1.30797553       4.09219456       4.47558260    
   9.63887596       7.65114784       8.83202839    
   8.68713188       2.76103044       6.71527863    
   8.28070545       6.29854870       3.36773252    
   3.87568951       6.25638676       6.30780077    
   1.21882439       6.97571707       8.45617580    
   4.95604181       2.16743135       7.52210808    
   5.33222294       4.79382801       1.97844267    
   3.02982068       8.02830601       1.69921446    
   9.62619591       7.21700573       7.01170015    
   5.55711412       9.79865265       9.30871964E-02
   2.86863136       3.90935302       6.36993980    
   8.52252865       7.84030199       8.13111401    
   7.72881842       9.88990593       2.14596248    
   9.15671349       9.29030704       6.00889969    
   1.36620510       5.17109108       1.01370645    
   7.74076557       9.56274033       9.01936722    
   7.63660336       5.84976006       3.06924772    
   5.60623407E-02   6.21848726       1.67810595    
   6.02452803       4.49219036      0.650500476    
   7.93368721       5.31080675       1.47981977    
   2.64192724       1.23391628       6.53615665    
   2.23263621       4.04493856       7.83676577    
   2.16939569       9.01704788       1.41833329    
  0.404655218       4.11128616       9.79505253    
   2.61847162       5.09063387       7.13883209    
   8.28299999       4.87457275       8.55237007    
   7.21499300      0.776503563       7.54193974    
   4.62571478      0.399303436       4.09212494    
   4.32880449       1.77926016       7.86503029    
   9.85316467      0.369509220       2.05698156    
   2.85055852       9.72217655       9.47156143    
   5.82323503       9.36690903       6.98361349    
  0.534672976       9.26363468       3.59334230    
   7.79673767       3.65479946       7.96974802    
   1.89136028       7.78099728       1.28458047    
   5.92625141       1.93730450       1.00215268    
  0.519374847       9.31310272       7.18734312    
   1.24741364       7.16762161       5.72135019    
   4.04874420      0.317490309       4.90724468    
   5.17634392       1.85476196       9.01687717    
   3.52986383       4.45010853       2.10500193    
   3.86618066      0.777060151       6.43111515    
  0.121487200       4.79966879       8.12100983    
   3.74586725      0.946063995       3.51158166    
   9.66509914       4.78516102       5.46936655    
   2.91140270       9.65561962       5.84519005    
   3.57244515       7.12536573       7.09465647    
   6.31316996       4.49080324       6.24678040    
   9.69528484       4.15277004      0.132686615    
   3.62517977       4.03671265E-02   9.58671761    
   6.64465809       6.31342030       3.99017191    
   8.34436703       5.98483467      0.602988005    
   5.82772779       3.12480259       3.28686237    
   5.73355246       6.79413843       9.59715652    
   6.36108160       3.52609015       2.73988175    
   5.02734137       1.35895514      0.762576103    
   9.00083542       6.27658892       5.20537901    
   6.42289209       2.62013745       6.25528383    
   9.81488705       5.12297726      0.842175484    
   1.89944625      0.229383469       9.34116745    
   9.53598309       3.68247485       1.85116971    
   8.44896984       7.50478411       4.74749994    
   6.05934286       5.35238504       9.66393089    
   3.25554490       8.40672398       4.53820515    
   4.02489233       8.34078884       6.81972647    
   6.17241859       3.56948185       3.17782116    
  0.879276872       3.20306897       9.98324108    
   6.24404848E-02   4.75530720       3.16490650    
   7.59206104       8.21149921       6.51914406    
   3.24210286       8.06456089       5.15095186    
   5.69890976       8.96523380       8.27108002    
   8.28081608       2.82659292       7.71847725    
  0.818031907       6.45711517       2.03212118    
   5.23266029       8.35784435       8.54586220    
   5.37140417       9.75342178      0.630548358    
   4.17133284      0.433021188       9.48083305    
   5.92794418       9.22406673       1.43058193    
   4.47077608       5.21457672      0.471251607    
   3.97056341       4.24220896       8.15680790    
   5.09815931       9.68608570       6.72185516    
   3.50551176       9.62298965       8.46682072    
   6.84909821E-02   9.20949936       9.87796783    
   1.47976744       8.45993042       2.30095124    
   6.68463612       7.44645882       8.84902382    
   6.29762554       5.27412558       9.22264194    
   3.50738859       5.86136389      0.884442508    
   2.98615599       4.85459757       5.10936928    
   5.12410831       7.64939308       5.88675928    
   5.40164137       7.44987822       1.77980447    
   7.45139408       4.28357553       1.86783445    
  0.603524029       3.73587847       8.30589771    
   2.15074730       7.17121077      0.538035035    
   8.33461952       8.90329552       4.21812201    
   6.47045231       6.76797104       5.50432920    
   5.71715260       6.12339401      0.103002608    
   1.09477043       6.82146454       1.10524940    
   3.98515844       8.61393547       4.54252672    
   3.54810071       9.92920017       8.31870556    
   9.07855988       1.12136507       9.40070748E-02
   9.97006130       1.32982111      0.303600878    
   3.74586821       8.49753952       1.73557615    
   4.67186642       4.29177094       3.34142852    
   2.48337293      0.442067504       7.82607985    
   1.28560507       8.38400841       2.91986299    
   7.86604500       2.01120043       7.12781954    
   4.15145683       4.94102335       4.47394323    
   3.07434797E-02   6.56282282       3.25995994    
   3.87051439       1.58672881       3.59259963    
   2.87672901       8.81558228       9.23738670    
   7.13829899       9.33489990       5.13610458    
   8.05502701      0.810011327       3.82050991    
   4.28109264       1.18874061       6.52647400    
   7.31840134       4.12850094       5.05632353    
   3.45842576       2.37948370       7.86031151    
  0.520828247       5.52248478       4.14881611    
  0.286259890       4.44982386       3.40904450    
   7.37041998       9.16452980       9.24136543    
   2.27096891       2.94681191       4.54148769    
   4.60193539       4.70590878       1.93280077    
   8.18699265       4.19357586       7.57390356    
   2.79371357       9.44550705       5.89093113    
   9.12116146       7.62880182       4.84579563    
   3.99618149E-02   8.52959728       3.39001274    
   7.50754547       4.26711941       1.79972005    
   5.22400141E-02   8.75110149       2.91733479    
   6.45792198       5.05327225       2.95001960    
   7.12358189       1.19241524       6.05941725    
   9.03102112       9.16340065       6.98574257    
   7.22370386       4.34551859       1.70230889    
   3.79945421      0.651250005       2.88938355    
   7.46328926      0.953456759       3.09744692    
   7.92783356      0.482062221       6.34072304    
   9.28838253       7.95798445       9.79231358    
   3.43124866       5.50581408       3.94184613    
   2.20094013       8.90351295       2.54830217    
   2.54210567       7.67432213       4.56058025    
   6.67997646       5.19445372       7.20088053    
  0.405823708      0.318967462       5.16076136    
   4.53903532       5.19852448       4.60654402    
  0.782887459       7.90435886       4.58347464    
   1.61601293       4.88885498       4.48127651    
  0.212141991       4.60180569       2.88665414    
   7.66684628       9.92082787       1.36353445    
   3.66178775       7.76141071       7.38928604    
   1.74559069       9.53647518       1.85469818    
   6.33327818       7.40359640       6.48613214    
   5.12126160       4.98196697       2.29568076    
  0.651184320       9.94874668       9.93312550    
   1.24838495       7.94197178       9.08534145    
  0.993048251       3.92880821      0.255945206    
   7.27057981       7.28492451      0.869834900    
   7.75059462      0.384280086       3.49907351    
   3.84199858      0.535330057       2.85913348    
   8.39254570       8.72525120      0.992247462    
   2.67985392       1.12010932       4.88872576    
   4.94977999       4.77493382       4.70436811    
   3.77616549       1.23208046       9.48393917    
   9.28490067       2.25165367       7.13765860    
   4.96127224       8.31287479       2.65570235    
   6.46489906       3.30433846       4.73727036    
  0.690120161       1.95421529       1.41469622    
   6.47057533       4.48910666       4.64882088    
   4.59739161       5.19112062       6.31578112    
   7.98746824       1.15190506      0.368372083    
   1.43591273       4.82061863       7.45908642    
   5.49754572       3.00430632      0.711100101    
   1.15726995       7.58133745       7.81233978    
   2.99191499       8.88868237      0.963627100    
   3.87888551       5.32224274       6.97557831    
   2.64316297       4.67551422       7.19064236    
   7.77397203       7.81995773       3.33271599    
   8.83736610       8.66909599       5.50955296    
   3.37588978       6.86966562       2.22508907E-02
   1.12341893       6.63922310       3.87769842    
   7.88511705       4.31642675       1.90286803    
   7.93133545       9.56560898       2.52633309    
   8.88498592       2.56853867      0.772474527    
  0.487895846       6.39665794       2.70329547    
   4.33663750       9.69678974       1.41469669    
   9.22432995       5.39202261       2.58614039    
   3.94977021      0.978927374       1.02185619    
   6.85103035       1.14790297       1.01187992    
   8.03095818       9.14916992       9.00069809    
   5.08431435       3.04782677       6.89556122    
   3.09598541       2.03976631       8.56525421    
   9.56122208      0.130453110       9.16899300    
  0.627183020       9.88631439       2.45992947    
   9.37065601       9.36938858       1.14083397    
   1.88496959       5.63870335       1.32152760    
   5.51853704       8.38951206       9.43141460    
   9.59029579       1.47702026       9.84924126    
  0.731252670       2.61812282       8.12882042    
   2.96855164       8.88688469       8.43754482    
   6.75731659      0.605559170       7.81281090    
   9.80085564       1.55696869E-02  0.850811958    
   4.89073372       4.88936806       4.92856979    
  0.916987479       7.78523397       1.30044711    
   6.93363714       8.14307308      0.466312647    
   5.75396061       8.32461548      0.480717659    
   2.76730227       7.52299500       1.32461119    
   6.30713511       5.80232668       1.99107218    
   4.62135744       2.76665831       5.81018448    
   3.50217962       6.23158169       5.15698433    
   9.94622612       9.69430065       9.33194351    
   6.03780746E-02   4.80366373       2.62717772    
   5.30801201       4.96313477       5.56814384    
   4.29327869       4.22023773       4.06531525    
  0.526937485       6.76100826       9.19916821    
   1.12131238       8.59322071       9.66414070    
   7.55999756       5.96399355      0.999288559    
   1.49770594      0.488723069       2.86522794    
   5.18701649       5.42710590       1.13780332    
   7.61926842       8.06812859       1.78557754    
   7.26116753       8.71294975       5.32210684    
   1.41424561       7.57057858       7.39780521    
   8.22025013       1.50069439       3.25015259    
   3.61373854       1.46328259       4.43670750    
   9.59038353       1.91230822       2.97895050    
   6.44296551       5.79449558       2.71831846    
   5.98481464       6.18964672       9.93286610    
   5.50624228       9.32851124       2.79018593    
   3.05392504       2.07992029       1.84592664    
   9.61281681       2.02863216       6.91728306    
   7.35759354      0.454628229       1.13383603    
   9.21813965       8.86058235       6.89429235    
   8.80445766       3.28569770       8.73188400    
  0.743829966       9.70984745       9.53003883    
   1.37826145      0.232220843       8.80588055    
  0.759727478       2.50017524       6.22443342    
   7.45766401       3.19523764       2.12777948    
   5.02619362       9.68823910      0.676572800    
   3.93144941       4.58421612       4.48813581    
   3.75207949       9.35638046       5.29583597    
   4.23766565       4.74254227       5.20865345    
   6.04324150       3.98130822       8.44859028    
   8.96035480       9.25710487      0.320036888    
   6.70001125       5.73021889       7.98264694    
   9.87325382       7.46227121       2.17362452    
   6.00416088       4.31887197       3.55240488    
   1.83049655       6.62142849       6.58867884    
   6.15623665       9.69808578       8.80755615    
   5.31951046       9.45963383       4.15493441    
   2.44740915       6.00650692       2.54774714    
  0.592856407       3.72539330       8.15066051    
   3.82064843      0.863355637       5.63297224    
   8.94496155       5.82125568      0.981744766    
   6.96065426       3.25501299       7.55249071    
   3.85246348       9.45184305E-02   3.83651686    
   2.63866425       3.51813984      0.642297029    
   9.27092266       8.81160450       3.70046329    
   6.85542297       7.26131821       3.20274186    
   9.99181080       7.97726393       8.22823715    
   3.01772642       4.64138126       4.59908199    
   4.48387098       2.41864443       3.86555338    
   8.15356636      0.525133133       4.72980309    
   3.24216175       2.45891285       7.52260447    
   4.18043900       2.11957717       9.31239796    
   8.95619869       3.64923739       6.49504757    
   1.21618915       4.94326019       1.44364643    
   1.31627679      0.808353364       7.08507824    
   5.80494785       6.45086575       8.89103413    
   8.46377373       4.63443041       3.61758351    
   8.59931374       2.67217350      0.809276342    
   2.65589046       8.58516693E-02   8.00293350    
  0.983399749      0.734578848       6.51071453    
   4.54115295       1.92435956       9.75526428    
   1.52068329       4.63532972       1.37430096    
   2.63333416       4.20144606       3.94999766    
   7.34374523       4.23265934      0.754723549    
   9.32261944       8.37868690      0.324093223    
  0.162874222       1.40112031      0.908007622    
   1.18908274       8.36584568       2.74675369    
   4.73109818       6.95281458       9.61513805    
   2.96474814       2.19837141       4.18168354    
   5.55198574       6.30531693       9.96802521    
   3.34625244E-02  0.772299767      0.899660826    
   8.91927528       3.96972966       6.85059452    
   1.62797713       9.79408264       7.74559879    
   1.28483963       9.20484066       6.31085205    
   7.98257446      0.593878746       3.23668027    
   5.02834320       9.39219761       6.86877251    
  0.615591049       4.26444578       1.13492203    
   4.62924671       7.85516357       2.31778193    
   6.73695469       3.94422626       3.76277256    
   3.04486251      0.655020595       6.31973267    
   6.72887278       5.37045050       5.14786577    
   2.05780458       4.05355167       6.78694868    
   1.52279091       5.94714832       8.81617737    
   9.90591335       2.01354837      0.267000586    
   2.02981949       9.21951389       2.45998955    
   8.88038921       6.07282734       4.71885824    
   3.05487442       4.49843693       1.61932957    
   8.43420792       4.56603193       2.84508920    
   9.39529324       3.44001412       3.72281742    
   3.93544912       3.87706065       2.56270289    
  0.542709947       9.49645996       6.17889214    
   8.18887234       6.17833853       4.55809069    
   4.84844208       4.34518290       4.83588123    
   2.69657397       4.95145130       2.79676819    
   8.64693260       4.32065439       7.21199036    
  0.302373886       8.53264523       6.35437965    
   9.78516388       3.67321920       5.29005623    
  0.683843076       9.38837814       6.74694729    
   8.03245926       8.56341553       8.65261078    
  0.345877647       8.94951534       8.66701508    
   5.35614777       1.00106335       4.02955055    
   2.42371702      0.889363408       5.04154968    
   3.28026867      0.434685558       9.54865265    
   2.40103364       1.63434136       6.03340673    
  0.566317081       3.11606455       1.55103421    
   7.16563559       5.36674452       5.68490410    
   4.56286955       3.18254805       6.14954138    
   6.20143366       1.79324818       2.67602634    
   1.10096836      0.769042850       6.41640997    
   1.82628632E-03   8.03575897       2.00242472    
   7.06524420       3.26213837       9.69226837    
   9.23427486       1.69905663       7.68702602    
   8.22335815       2.06461430       6.03670835    
   2.68229103       6.02476597       1.92552841    
   3.27086282       2.79885149       1.26409376    
   3.79163671       7.35790873       7.93714190    
   4.05909157      0.512218773       3.62774754    
   9.30340385       6.49788952       2.29839563    
   3.48220921       3.21291161       9.69140053    
   1.22074008       2.80313420       8.41221809    
   1.59684563       1.36903477       1.34943640    
   1.56566739       1.70019197      0.241247475    
   4.60023880E-02   7.19853115       1.12055945    
   5.39628458       4.01791716       1.50957167    
   3.74095821      0.725786209      0.179342568    
   2.28598213       7.00189924      0.418784738    
   9.41976261       9.14916611       7.31255531    
   6.84756279       1.21078312       9.95881081    
   3.76077127       9.84992886       7.08600903    
   7.90265656       6.53054333       8.29032707    
   1.43245518       6.69603348E-02   3.24461412    
  0.775531530       1.70484114      0.574755669    
   4.07185555       6.56302452       7.54830837    
   6.75695229       8.57274532      0.178522006    
   1.41312110       1.37657011      0.419060707    
   7.16915846       7.33637142       8.76840878    
   4.65042496       8.96759605       6.65156651    
   5.75712490       8.99708748       1.52652609    
  0.772979259       2.79391432       1.06969643    
  0.514192104       2.33361292       4.68997097    
   2.32355309       3.13855362       3.63767862    
   5.27025509       6.05942345       2.89237213    
   3.20201349       5.89282656       5.97916460    
   6.03926992       6.19415855       4.46712160    
   6.79093695       7.08159685       9.13579273    
   3.58167553       2.73158765       5.81879854    
   5.86552048       3.37603092       8.18813419    
   2.14248848      0.100346565       6.69500732    
   3.24162412       8.47213078       8.71391582    
   3.05305386       6.89067459       7.83215284    
   5.06043005       2.54320002       5.07703257    
   6.44290352       9.90923977      0.451086044    
   8.79230976       2.81377339       3.66363478    
   5.76891708       4.40055132       3.90676284    
   1.25192070       6.18320465       3.80017996    
   2.33517337       6.54395580       7.20699644    
   3.16759801       9.69808483       3.03056026    
   9.75201511       5.64462805       3.66685581    
   5.34754133       1.25018859       4.43707991    
   5.63376045       2.14321589       6.37913370    
  0.618658066       5.29596186       8.41940498    
   1.58022428      0.787392616       2.82141113    
   5.38069201       6.55296326       7.09505844    
   3.40724039       3.81523514      0.575937271    
   1.58022225       3.73941326       7.87244415    
  0.224267006       6.55615330       4.62939978    
   4.50681591       5.33585072       2.24217916    
   3.68676329       9.10199356       5.51378441    
   7.10490608       2.05066562      0.376768649    
   5.10569763       5.16953611       3.83797860    
