   1.02163279      0.107467033      -1.85853255    
   1.02755451      0.424853534      -1.81635273    
   1.34187841     -0.151689932      -1.64012587    
  0.146981597       2.09880567     -0.478800833    
 -0.347273856      0.482652545      -2.02585244    
  0.927735984      -1.85172248     -0.330183268    
 -0.368855894      0.961210012       1.88413477    
  -1.03435159       1.86612046      0.201211438    
 -0.760191083     -0.985802531       1.69787204    
  -1.41849589       1.58596337      0.144154906    
   1.04161441       1.49494600      -1.14845967    
   1.16989231      0.382929415       1.76968372    
  -1.34543586      -1.06652117      -1.16652548    
  -1.58963013     -0.694718063      -1.14658773    
  -1.39447808      0.858771980      -1.32943797    
  -1.07246184      -1.18171406      -1.32786727    
 -0.554471970      -1.61944211       1.20424283    
   4.97642197E-02  0.856719136      -1.94280875    
   1.06308877      -1.80599988      0.181894168    
  -1.26020634      -1.64038467     -0.142870352    
  -7.27798268E-02 -0.737431824       1.98726082    
 -0.594443560       1.09212744       1.74854612    
   2.07800841     -0.418742567      0.313987017    
 -0.636768639     -0.394849032       1.98293328    
   2.03496695      0.379878491      0.612207711    
  -1.97410119     -0.665116191       1.53721299E-03
 -0.432136595       1.82015204       1.07182920    
  -2.03932118       7.10908622E-02 -0.463586450    
 -0.651171088       2.03396082     -0.230323493    
   1.12427008       8.91778842E-02   1.83077943    
   6.88550174E-02  -1.93772852     -0.756424367    
 -0.461440861      0.273887515       2.06621885    
   1.26576042       8.25148970E-02  -1.70779026    
  -1.34547353      0.458605379       1.57712758    
  -1.93812788      0.829459250      -9.74728391E-02
 -0.910782695      -1.74723792     -0.642818272    
 -0.533734560     -0.151620343      -2.02252269    
  -1.61667573       1.11966813     -0.778731525    
  -1.72243702       8.63362998E-02   1.21378720    
 -0.562087297       2.07000470      0.182264343    
   1.40763092      -1.55609179      0.249825478    
  -1.00624037       1.81276858     -0.519682825    
   1.04511702      -1.09657609      -1.46112990    
  0.383624673      0.333619118       2.08583260    
   1.91272140      0.210718319     -0.943966985    
   1.46523154      -1.48478639      0.354362816    
   1.74307549       1.17936134      0.523344100    
   1.44790244     -0.867485225       1.30504465    
   5.77739552E-02 -0.571098983       2.04711103    
   1.03448641      -1.35898137      -1.22428691    
   1.62924993      -7.13052554E-03  -1.37625670    
  -1.11427259       1.68511617      0.713037014    
  0.238808542       1.80512631       1.17129958    
  -1.98037183     -0.605128527      0.251261145    
   1.69509363       1.08710551     -0.774267554    
  0.695018291       2.03888512      0.251425058    
   1.90654886     -0.849303126     -0.413986981    
  -1.41322005       8.62242654E-02  -1.54202461    
 -0.798436701       1.00361764      -1.68472219    
   9.91180241E-02  -2.05790973      0.334387004    
 -0.839738727      -1.82160461     -0.523383021    
  -1.21577561      0.503235042      -1.64051342    
  -1.02989995     -0.325733095       1.81803977    
 -0.176523343      -1.06688774       1.81454706    
 -0.595502138      -1.86270428      0.721459210    
  0.171040505     -0.608755946      -2.00074863    
   1.19953585      -1.40398932      -1.00890064    
  0.386100411      -1.35395682      -1.54548514    
  -1.31220126      0.369543761      -1.59682596    
  -1.80822682      -1.59951225E-02   1.07743752    
 -0.335251331       1.17973788E-02  -2.07555819    
   2.08741641      0.259095043      0.474591404    
  -1.71694279      0.807421505     -0.916591763    
   1.55315232     -0.600402355      -1.31440830    
  0.226269156      -1.04200721       1.83021688    
  -2.07334709      0.113575161     -0.272442847    
  0.991761506      0.571451366      -1.79867136    
   1.95982397     -0.656686306      0.549567044    
 -0.185951933     -0.748621762      -1.94395506    
  -2.07023954      -8.14598724E-02 -0.279761225    
   1.85710287       1.02986264     -0.401071340    
  -1.23504007       1.43185723     -0.968370974    
  -1.24358904       1.35607314      -1.05775535    
  0.683038235       1.30515051       1.58614671    
   1.77421570       1.24126267      -6.01889081E-02
   1.09581017     -0.271486640      -1.79213810    
  -1.40050638       1.23412156      -1.00169635    
  -1.25968957      -1.04003179      -1.28191721    
  0.178385153      0.476745903       2.08560300    
  -1.98366487      0.635200083      0.332795262    
  -1.04172111       1.22054124      -1.38575768    
   3.97430658E-02 -0.117008887      -2.10124993    
   1.67735326       1.19872129     -0.644731581    
 -0.726340413      -1.93919086     -0.134525955    
  0.175792634      0.826424241       1.97955787    
  0.927165210       1.85685349      0.637243927    
  0.496095240      -1.11892819       1.73048651    
   6.45110086E-02   1.56031132       1.49324405    
 -0.361869454     -0.138258785      -2.06342363    
 -0.167893589       2.14396524     -0.162914112    
  -1.97472847      0.738609791       6.81713894E-02
   1.23434520      0.455256313       1.70984268    
   1.78448606      -1.01898170     -0.530646741    
  -1.41596699      -1.51218009      0.131090418    
  0.785019755      -7.75241330E-02  -1.96383500    
 -0.604669511      0.870333850      -1.83193350    
   1.24776745      -1.68847620      0.191241056    
   2.07598591     -0.472064286     -0.199856073    
   1.35727954      -1.60458684     -0.171097681    
  0.413861811     -0.384309202      -2.02825046    
   1.55371392      0.102008119       1.48788142    
 -0.758415639       1.07298970      -1.66275692    
 -0.238615319     -0.234001130      -2.07249856    
  -4.73087505E-02  -1.97396886      0.683089614    
  -6.20640367E-02   2.07417035      0.607216477    
  -2.04362798      0.230754346      0.433551610    
  0.557968259      0.703941941      -1.92894685    
  -1.79862988      0.133300915       1.09106970    
 -0.326649666       1.24335742       1.72530603    
   1.41325450     -0.243850216       1.59695280    
  -1.17230892     -0.542133391      -1.63593602    
 -0.256702840      -1.39784527      -1.52075732    
  0.359881192      -2.04654860     -0.195610523    
 -0.135739073      -1.36721778       1.59588230    
  -1.60971797       1.06576896      0.890309691    
  0.656629026      -1.45897138       1.38026619    
  -1.49879003     -0.197171658       1.46983194    
  -1.74865139      -1.04385734     -0.403973013    
 -0.153711617      -2.06102443     -0.232485667    
 -0.222385257       1.88429761       1.03142405    
  -1.78806670E-02 -0.797676206       1.96453869    
  -1.72910535      0.926742017      0.806987822    
   1.19728231      -1.69339406     -0.352144599    
  -1.68816495      0.636042953     -0.549798727    
 -0.502606034      -1.17758930       1.67086399    
 -0.462117046       2.06917095     -0.358345747    
   3.52605022E-02   1.48331296       1.56899571    
 -0.995843768      -1.61050808      0.872445524    
   2.10827613      0.288377672     -0.318518192    
  -2.02625442      0.269274086      0.495161235    
   1.43277216       1.44435751     -0.728050590    
  -1.72495222       1.23294044       8.05337727E-02
  -2.05740404      0.272402644     -0.301735550    
 -0.836384296       1.53321457       1.24859118    
   1.44848669      0.501208246       1.52147532    
 -0.125423595      0.149404272      -2.09856367    
  -1.60238063      -1.29819775      0.256579280    
  -1.43417001      0.744353056       1.38143170    
  -1.79911005      0.943020344     -0.574452639    
   1.41135561       1.03505445       1.27782214    
  -2.06915665      0.356927276      -5.17605059E-02
  -1.89545774     -0.851502240      -9.36521441E-02
  0.450231314      0.275805056      -2.05092192    
  -1.42754722       1.39739156     -0.718895733    
  -1.16380453      -1.33186567      -1.08268762    
  0.367153913      0.958871961       1.89647782    
   1.98478949      0.808551788     -0.266744167    
  -1.70543349      -1.09126115      0.486351550    
   1.11293411     -0.909865260       1.57218695    
  0.706084073      -1.52216768       1.28229630    
  0.293783695     -0.867853045      -1.88509953    
  0.734015822       1.13821387      -1.11641037    
  0.475116402       2.07453012     -0.381594002    
 -0.394190103       1.09187615      -1.77816129    
  -1.34776199      -1.08116543       1.17972779    
   1.78708017     -0.291065723      -1.12451828    
   1.61836970      -1.34659576      0.246043354    
  0.169525728      -2.06176639      0.281110525    
  0.397186369       2.04772091      0.588774443    
  -1.50595748      0.922822714      -1.15495849    
   1.71445978       1.32591951       1.25344088E-02
  -1.69225550      0.724137604       1.05141413    
  0.246579424      -1.04990768       1.82314742    
  0.240743622      -1.31850886      -1.60230172    
   1.56014800      0.505418479       1.40633321    
  0.370448440     -0.739535213       1.95900214    
  -1.47234511     -0.572373807      -1.35591328    
   1.26074731      0.674445748      -1.59061134    
 -0.207019836       2.14082336      0.182257280    
  -1.29068279     -0.675257325      -1.48670542    
 -0.365819007     -0.438003153       2.04480910    
   1.01839232     -0.540475488      -1.76992798    
  0.141684324      -1.44893670      -1.49398220    
  -1.40006101      -4.90083545E-02   1.58219159    
   2.03909540     -0.529956639     -0.350349426    
  0.296702027      -1.39105487      -1.52983236    
   1.65839088     -0.446129292       1.28308856    
  -1.40297854     -0.469466299      -1.46752143    
   1.60944462     -0.954981804     -0.991717100    
  -1.49295402      0.978893399       1.15770996    
  -1.15753317      0.383768618      -1.71095920    
 -0.190484673      -2.04838514     -0.300410122    
  0.551569700      -1.91919887      0.643459320    
  -1.42188549      -1.34416628      0.714369476    
  -1.81373036     -0.560582101     -0.852679372    
 -0.178339198     -0.432367444       2.07360506    
   2.00888123E-02  -1.76564980      -1.10184884    
 -0.299668849     -0.191139504      -2.06897140    
  0.956788838      -1.78758740     -0.536728621    
  0.447263449       1.63359642      -1.32014751    
   1.65463698      -1.13022256      0.714439154    
 -0.681826115       1.97833848      0.501177430    
 -0.855697572       1.72757554      0.947354138    
  -1.70861578      0.423376501       1.17236900    
  0.931472719       1.14215934      -1.55600142    
  0.762833059      -1.52050543      -1.22252655    
 -0.224945143       1.51254356       1.52027035    
   1.22463500      -1.21654367       1.23736417    
  0.502882242      -1.87686396      0.794454813    
  0.210574582       1.87894714       1.05514967    
  -1.57051516     -0.703835905       1.19688797    
   1.59025955     -0.816241682       1.16819131    
  0.577117026      -3.62445340E-02   2.06307411    
  0.502518952      -1.06438088       1.76432323    
   1.31059456      -1.43053544      0.850528836    
   1.80038714      -1.07559788     -0.329403281    
 -0.486217707     -0.507863581      -1.96998167    
   1.05713165      -1.81677234      -3.19005200E-03
  -1.69301844     -0.716388583     -0.970845640    
  0.426465929      -2.04544640       3.03796902E-02
 -0.138549730       1.12659810E-02  -2.10029984    
  -1.29083288      -1.36064541     -0.882959664    
   1.56435549      0.684119225       1.32806110    
  -1.39342165      0.917748809       1.32259440    
  -1.02679574      -1.79386151      0.195740715    
   1.01005769       1.61046898      -1.38120306    
 -0.907029152      -1.73254777E-02   1.91902983    
  -1.36198437      -1.37892938     -0.734741509    
   1.09234405     -0.309182078       1.81713021    
  -2.36757326     -0.334690511       1.57702410    
   2.04952216      0.670359790      0.139275864    
 -0.293394446      -1.34020030      -1.56570494    
   1.28309691       1.45063782     -0.950755119    
  0.458409488      -1.72266018       1.11715293    
  -1.43253267      0.491085142       1.48647916    
  0.501214385       1.95369053      0.796328545    
  -1.90787542      0.583396733     -0.662820399    
  0.721561193      -1.94373274      0.317228675    
  0.626639545       1.02879298       1.79344893    
   2.12482071      -5.54889403E-02  0.324093938    
 -0.891052306      0.807974637      -1.73622584    
  -1.07467568       1.73599398      0.652183115    
  0.571173728       2.07288194     -0.247264087    
  0.836004496      -1.88446295     -0.373614937    
  -1.84539354      0.838349700      0.610291362    
 -0.166392982      0.942879856      -1.89482403    
  -1.13556874       1.38137972      -1.14537668    
  -1.91737962     -0.119317725     -0.818347692    
 -0.853310466       1.44081604      -1.31178200    
  0.982591569      -1.52371562      -1.05738604    
  -1.63940728     -0.335821867       1.27313542    
  -1.55749977       1.43685782     -0.170964122    
  0.465975136      0.292425603       2.07547379    
   1.24148595       1.05072379      -1.40097308    
 -0.156312168       1.66596115      -1.33427227    
  -1.22286046     -0.436539829       1.66199446    
   1.51238632      -1.04183137       1.07829571    
   1.58210087      -1.07674682     -0.902838588    
  0.131425098       1.60421312      -1.41356492    
  0.727513671      -1.67060447       1.05958843    
  0.841212094      -1.41116655       1.33355832    
  -1.21827281      0.609079540      -1.60516596    
  -3.96070406E-02  -1.04754198       1.83651936    
  0.378000528       1.80258131       1.14099622    
  -1.67839575      -1.01697755     -0.676170111    
   1.44047296      -1.50693953      0.358150125    
 -0.666925848      -1.49184585      -1.28038466    
  -1.95018649      0.715877175      0.377991617    
  0.171674758      0.343551725       2.10983872    
  -1.74582791     -0.788527787      0.835304201    
  -1.54266179      0.671771109       1.29381573    
  -1.81751966      0.449454308     -0.948903620    
  -1.85545206      0.986749768     -0.224484369    
 -0.849721313       1.51485670       1.26121747    
   1.35491800     -0.740821123      -1.44571507    
   1.35800374       1.53716707      0.712731421    
   1.09906471       1.43843114       1.19602394    
   2.39337277     -0.587939024      -3.75752449E-02
  -1.54683518       1.44942260      0.196426734    
   1.31036031     -0.635704219      -1.53509891    
 -0.230400532      -2.00456810     -0.496352643    
  -1.43509889     -0.472709388      -1.43469656    
  0.361459374     -0.334385484       2.07693386    
  0.300039917      0.760874510       1.99141824    
   1.08717155      -1.15476155      -1.38361168    
  0.348445863       2.07983255     -0.467694342    
   1.48123872     -0.783566713       1.32398462    
  -1.10474813     -0.305357426      -1.74628615    
 -0.331594169       1.86639965      -1.00121808    
  0.853887081       8.88429880E-02   7.01245070E-02
 -0.468235254       1.86473846     -0.945160031    
  0.195484817      0.914455891      -1.91049480    
   1.90872777     -0.815617263     -0.469283938    
   1.76461053      0.426827461       1.17024016    
  -1.71326303     -0.337997347      -1.13826370    
  -1.60619915      -1.13036776     -0.668086946    
  -1.89421213      0.493737936      0.790584624    
  -1.95136082     -0.719650269      -8.98669884E-02
  0.281138361      -1.67259049      -1.21395373    
  -1.93049991      0.713297307      0.476215422    
  -1.07444775     -0.455713540       1.75946248    
 -0.482650816       1.83594084     -0.990861952    
   1.70260251      0.689723909       1.14322901    
  -1.64890909     -0.336450011       1.26025724    
  0.867622375      -1.30831826      -1.39321351    
  -1.60332453     -0.515013337       1.25420153    
 -0.169033930       1.73868597       1.26928043    
   1.06492126     -0.894570827       1.61359596    
  0.948648393      -1.67648065     -0.829378486    
  -1.67194748      -1.21547163     -0.187827721    
   1.01620591     -0.858417988       1.66434896    
  -1.40642095      -2.22472809E-02   1.57764554    
 -0.185953513       1.24441171       1.74777520    
  0.255176902      -1.70781791       1.19845426    
  0.833211899       1.65182543       1.13341069    
 -0.450152755      0.673612297       1.98236871    
 -0.565169036      -1.72492421      -1.00540578    
   1.81496775      -1.49944266E-02   1.15735269    
  -1.23934352     -0.910732746       1.42768323    
   1.43525934       1.61672080      0.190051243    
  -1.57945049       1.42405009       2.62404867E-02
  0.459127635       2.07148147     -0.413660973    
   2.03156471      -9.34630036E-02 -0.670261383    
  0.347276300      0.424764574       2.07675076    
  0.915092885      -1.87350976     -0.227667525    
   1.37678361      -1.57503176      0.295275658    
  0.842677951     -0.491586924       1.90094995    
 -0.833154440       1.72070980     -0.950453758    
  0.278506309       4.75093722E-02   2.12191439    
  0.795334697       2.64066505      -1.70881331    
   1.13084972      0.305007279       1.80780947    
 -0.677399397      -1.23831022       1.55597174    
 -0.578727007      -1.75914502      0.965123475    
  0.724808216      -4.29589301E-04  -1.98882854    
 -0.665969610       2.03052688     -0.216435388    
  0.834488034     -0.912495077      -1.70176578    
   1.07885265      0.657230079      -1.72140515    
  -1.27965903      0.316455722       1.66298199    
   1.95186985     -0.228481501     -0.838682950    
  -1.19956887       5.65622151E-02  -1.71599782    
 -0.899418116      -1.72674823     -0.710741580    
  -1.51042533       1.13047957      0.986764073    
   1.55015194     -0.520487070      -1.35329187    
   1.86510706      0.957091510      0.546569049    
  0.440219820      0.635708392       2.00883031    
  0.407365084      -2.04594231      0.129108429    
  -1.61734760     -0.328592747      -1.27410948    
  0.106931716       1.07113397       1.86694527    
   1.49837375      0.691164672       1.39825797    
  -1.20394039       3.11898123E-02  -1.71296775    
   2.04623389      0.617841840      0.318804175    
  -1.98151374      0.716173053       9.56946760E-02
  0.951828063       1.93369746     -0.223789170    
 -0.865031064     -0.726919651      -1.75131881    
  -2.03385901     -0.261670917      0.417906106    
 -0.985336959      -1.75246394     -0.503185511    
  -1.96737742     -0.442984670     -0.523924470    
 -0.255689204     -0.956973732      -1.83739924    
   1.60223103      -1.38158822       9.45420414E-02
   1.08608997     -0.680611551       1.70753276    
  -1.15022194       1.80328572       4.46622185E-02
   1.17487061     -0.631409049      -1.63963735    
 -0.906797647     -0.244482622      -1.86900187    
   1.94911349      -2.88125649E-02 -0.882867515    
  0.136758789      -1.67821097      -1.22733951    
 -0.119664498      0.496408135       2.08158803    
   1.26845300      -1.62655604      0.451066911    
  0.454352528       1.79924238      -1.08986390    
   1.68975866     -0.627753913       1.15329850    
   1.16738808     -0.333488613      -1.73583114    
  0.689652801       1.01294518       1.77981186    
  -1.20262480      -1.67583954     -0.207762197    
  -1.72104263      0.598343611      -1.04864633    
 -0.214142069      -1.48976302       1.46685219    
 -0.210952997       2.14680433       4.59058471E-02
  -1.75740278      0.345073342      -1.09055626    
   1.72969818       1.20935023     -0.465635002    
   5.95958382E-02   2.80941371E-02   2.13654518    
  -1.76559925      -1.04321432     -0.326201797    
  -1.77457309      -1.07656586      -8.91019702E-02
   1.58773088       1.28162444      0.738479614    
 -0.787201166      -1.83966947      0.572226405    
   1.70627665E-02  -1.91199577     -0.820308626    
   1.26228285      -1.46029413      0.870223522    
 -0.123420358      -1.92939198     -0.764002979    
 -0.281983614       1.92633295     -0.903249085    
  -1.16017687       1.66560328      0.681475759    
   2.05266643      0.329078943      0.578372002    
  -1.37266707      0.150782198      -1.57535636    
 -0.903016925       1.83843803      0.644856513    
  -1.28806293       1.46133816     -0.849442482    
  -1.32483912     -0.643405378      -1.47105169    
  0.713860929      -1.56694043       1.22068465    
  -1.69793034       1.13743019      0.578217387    
  -4.76367101E-02   1.89057958       1.04783237    
  -1.10898995      -1.74643099     -0.140594706    
   1.94930160      0.937902331       4.73707728E-02
  -1.43054080      0.257278949       1.54077244    
   1.17215025      -1.55588925     -0.791497529    
  -1.30701005       1.67959917      0.182785571    
  -1.46797144       1.00738239      -1.13703227    
 -0.269828826     -0.165625274       2.10590363    
   1.46246254      -1.43316436      0.541973472    
   1.25396681      0.543994248      -1.64136732    
   1.23014116       1.55502808      0.884940326    
  0.654638231      -1.94848692     -0.386244357    
  0.766853273       1.56195652       1.29374993    
  -1.53952646      -1.19464815     -0.710000873    
   1.14631474      0.820970118       1.63940597    
   1.99973321      0.762877762      0.312999308    
   1.66538942      -1.30749547      0.106663391    
 -0.443108499      -1.75741732       1.04213893    
   1.85164249       1.12118375       7.48979896E-02
   8.54276046E-02  -1.55003774       1.42039931    
   2.02928090     -0.641807199     -0.167034194    
  -1.50828099       1.50220180       4.89634126E-02
  -1.19877493      0.737547696      -1.56931496    
  -1.10103607      0.585814416       1.72635019    
  0.870663106      0.293425977       1.94542575    
  -1.76365983      0.608085692     -0.969612062    
   1.11418915      0.948934972      -1.56408882    
  0.293441176      -2.06655741       5.82090928E-04
  0.379898131      -1.53355324      -1.36595654    
  -1.62911057     -0.183690161       1.32186484    
  -1.12070072      -1.37813616      -1.06980813    
  -1.49870241     -0.727183759      -1.24455667    
   2.04283071       8.81303921E-02 -0.647785068    
  -1.36785018      -1.15711939       1.07569730    
   1.81082177      -1.10961270       8.19228068E-02
   1.24829996      -1.43620944      0.930066645    
  -1.99329209      0.365805149      0.572677672    
 -0.159813553      -1.36887813      -1.56191361    
  0.568618238       8.79022926E-02  -2.03629327    
   1.34388590       1.00606382      -1.33936453    
  0.294247866       2.14069724      0.126949042    
   1.75058568       1.07089806     -0.669479191    
  0.992909253      0.363074571       1.87649369    
  0.868538737       1.98608267      -3.69355641E-02
  -1.29900157       1.69317484      -5.40624410E-02
  -1.11122262       1.79075181      0.382763207    
   1.05328524       1.89610410      -3.26485228E-04
   1.94423389     -0.199038550     -0.864185452    
 -0.715739667      0.183120653      -1.96724463    
  0.265657723       1.49859500       1.53616369    
 -0.881875217       1.94989562      0.163585424    
  0.138442129      -1.46199942       1.51104975    
  0.220660686      -1.97622335     -0.622090399    
  -1.87333059     -0.462997526      0.813076913    
  -1.60725951       1.36498570      0.279754579    
   2.00275898      -8.30796883E-02 -0.751061738    
   4.82699014E-02   2.13899970     -0.285634786    
  -1.90079665     -0.842357635      0.101026796    
  -2.13978402E-02   1.95364654      0.927388370    
  -1.24755907      -1.36895132     -0.931186140    
  -1.62630975      0.271084189      -1.29381943    
  0.484149814      0.913895071       1.89318943    
  0.560532808      -1.06774592       1.74538732    
 -0.317733943      -1.15308619       1.73626792    
  -1.78699601     -0.964551985      0.465644121    
   1.24340034       1.55904841     -0.829299569    
  -1.66952026       1.28389740      0.281776279    
   1.74853241     -0.466831952      -1.11896646    
 -0.435695499       1.43348801       1.54527402    
  -1.15660381       1.68367147      0.642337203    
   1.82906306      -1.20598907E-02   1.13513255    
  -1.29039955     -0.970275760       1.33678293    
   5.18174283E-02  -7.32130781E-02   2.13372636    
 -0.732078135      -1.45266557      -1.28947687    
   2.95333769E-02  -1.50258076       1.47342384    
   7.12490603E-02   2.15865350      -6.19179830E-02
   1.72584403     -0.428098440       1.19850075    
   1.34158432       1.65256357      0.428667784    
 -0.994995773      -5.88249341E-02  -1.84173965    
   2.03220558     -0.644825876      0.146321103    
 -0.889249861     -0.729624867      -1.73768485    
   1.05518210      0.332906485       1.84795880    
  0.698239446      -1.58282316      -1.17834127    
 -0.366059154      -1.67581391      -1.17180109    
  -2.03994870      0.230463207     -0.421673566    
 -0.390644819      0.484747916       2.04676080    
 -0.210295215       2.14687133       4.64106798E-02
   1.32526433      -1.59212828     -0.384462506    
  0.696468592       1.29221106      -1.56104326    
 -0.165196732      -1.54226661       1.41711092    
   2.14496613      -9.54409987E-02   5.46731576E-02
 -0.298838973      -1.20290351       1.70445275    
   2.02073646      -6.64276779E-02 -0.705610633    
 -0.191408962       1.68369353      -1.30725396    
  -7.82629251E-02   1.35902655       1.67252541    
   1.05135155     -0.754897892       1.69566226    
   1.32909775       1.03138518      -1.33532441    
  -1.07333088       1.25328922      -1.33222711    
   1.11423862      -1.73281813     -0.414010257    
  -2.91084368E-02 -0.431303531      -2.05353546    
   2.06770110     -0.445411831      0.341257125    
 -0.290835500      -1.23428702       1.68248558    
  -1.58844125      -1.24427843     -0.479971737    
   1.68876004     -0.629755259      -1.12376869    
 -0.244365335       1.83501136       1.11096251    
   1.45439792       1.12040579       1.15359211    
  -1.82426679     -0.880161345     -0.463314414    
 -0.585647941       1.98556995     -0.564384401    
  0.721961856      0.743936002      -1.86203837    
 -0.333315730      0.260828376      -2.06422091    
   1.18982601       1.72551286     -0.538413227    
  -1.18910372      0.572302997      -1.63950551    
 -0.363724113       1.67785347       1.30412996    
  0.991621971       1.75486028      0.807175994    
  -1.36234915     -0.181845710       1.60290122    
   1.39049566       1.03545511      -1.27017951    
  0.700098515       1.88855433     -0.777523696    
   1.60737562      0.519494891      -1.31766355    
 -0.584174871      -1.99125731      -7.36699775E-02
  0.690407157       1.30923128      -1.54993367    
  0.292500347      -1.73647058       1.14694440    
  -1.13589857E-02  -2.04744983     -0.371612668    
  -1.17667222       1.26197207      -1.23223484    
  -1.24370897       1.61162734      0.656479239    
   8.06288049E-02   7.84288421E-02  -2.10596180    
   1.51236641       1.27222538     -0.866172731    
  -1.52374661       1.48165500      0.129513070    
  0.523621738       2.03359795     -0.510876238    
  -5.05704954E-02  0.346479148       2.11289620    
  0.152434096       2.13484573     -0.289423853    
  -1.83440530     -0.115263604       1.02062702    
  0.436565518      0.231768414      -2.05824637    
  -1.95205379     -0.570151567      0.475987762    
   1.96763361     -0.802841187     -0.161230534    
   1.64119494      -1.05522692     -0.823299587    
   1.33830535      -1.60844636     -0.253412753    
 -0.476116806       1.60561168      -1.32416403    
  0.772332370      -1.45949006       1.32017314    
  -1.31445932      -1.02776599      -1.23571122    
  -1.42756462       1.54538238     -0.323226243    
  0.224271953       1.11912274      -1.80065656    
   1.06400168E-02  -1.94945312     -0.726629913    
   1.00434518      -1.71095765     -0.683431029    
 -0.312841773      -1.57169724      -1.32431161    
   1.65910149      0.112254500       1.36970997    
 -0.845745444       1.76494098       6.26072884E-02
   1.01809502     -0.675752819       1.75020444    
  -1.62751794      -1.22775924      0.413886398    
   2.11887240      0.288995206     -0.243272513    
  -1.65930688      0.460276872       1.23094833    
  -1.89943993       6.15431368E-02 -0.872891963    
   1.90005648     -0.764172375      0.608397365    
  0.560323775      -1.99186122      0.324800164    
   1.94894791      0.939056396       3.32308598E-02
 -0.516336322       2.00864220     -0.555548131    
   1.69201887      -1.24640214     -0.298143059    
 -0.433819473     -0.865716636       1.87816620    
 -0.341164410      0.574144125      -2.00489879    
  -1.10677090E-02   2.60798056E-02  -2.10660648    
  0.579927564      0.978495717       1.83536494    
  0.289319277      -1.72456050       1.16613424    
  -1.15806866       1.63866282     -0.717388153    
   1.08066595       1.71212077      0.784953892    
  -1.42435992      -1.50505602      -9.11114737E-02
 -0.252228886       1.54974723      -1.44814849    
   2.03793716      -6.48638085E-02  0.686182737    
   2.08013129     -0.478911489     -0.133701354    
  -1.95031488     -0.166227132     -0.725425839    
  0.873904109      -1.90725756       7.66360387E-03
   1.31107140      -1.63697422      0.233663052    
  -1.17524421       1.64794803      0.697131455    
   1.84578812      0.758216441      0.838963807    
  -1.40012014      0.515939057      -1.48042595    
  -2.02413607     -0.460366070     -0.193903670    
  -1.79885435     -0.961497784      0.422465295    
   1.78209901       1.28272843      0.810917079    
 -0.347929627      0.328178525       2.08312798    
 -0.662073791       2.00281906      0.425425887    
 -0.943871200      0.598616600      -1.78646684    
 -0.435118169      -1.70100725       1.13834310    
   1.06625986      -1.49991095       1.04293120    
  -1.46558392      -1.40241265      0.457826883    
  -1.63342690     -0.784629822       1.04715550    
  -1.45850420       1.15499794      -1.00851119    
   1.45632374     -0.392220795      -1.49368048    
  -1.79477406       1.07328296      0.347431988    
  0.528719664      -1.74753785      -1.01522958    
  0.479482025       1.60898268       1.36849785    
 -0.148248643       2.11278486     -0.396479815    
  -1.13922989      0.126643613      -1.75513864    
  0.770202458      -2.30967696E-03  -1.97241628    
  -1.56041491     -0.369370818       1.36176431    
   1.67123333E-03  -1.29557681      -1.63488197    
  -1.38635838      -7.31141642E-02  -1.56322980    
  0.100344092       2.08722138     -0.533088326    
  0.493150234      -1.11222517       1.73578930    
  -1.49006319       1.43473411     -0.484825194    
  0.525623262       1.58998656      -1.34438908    
  0.658201694     -0.251174092       2.02013731    
   1.91014183     -0.206474110      0.962921739    
  -1.86117685      0.243444398      0.959766030    
  -1.97878373     -0.645599663      0.107083403    
  -1.16781473      -1.69875479      0.249268129    
  0.668896258      0.933792889      -1.79890609    
  0.923696518     -0.799889803      -1.71615374    
   1.58501315      -4.37803194E-02   1.45378983    
  -1.96435785     -0.282789081      0.671419322    
  0.440230697      -1.96025372     -0.565525591    
   1.61379945       1.15342712      0.877353668    
  0.472203583       1.72119820       1.22886503    
   6.24023564E-02   1.56598139       1.48743629    
  0.562360287      0.885934949       1.88535905    
  0.361417443      -7.56900981E-02  -2.07746744    
   1.98914182     -0.746002257      0.213736489    
 -0.448852926      -1.50606382      -1.35966539    
   1.62510455      0.374932706       1.37047386    
 -0.160987690      -1.25254643      -1.65836966    
  -1.32611716      0.620231748      -1.51199234    
  0.669669032      0.432288140      -1.96885657    
   2.05869675     -0.565554261      -9.65844616E-02
  0.678064466      -1.91215539      0.538419902    
   1.21869683      -9.55614820E-02  -1.73607624    
 -0.421883821      0.461807668       2.04499626    
   1.68728626      -1.04409349     -0.744012654    
   1.74801445      -1.02761528E-02   1.25608146    
 -0.800682664     -0.261385918      -1.91546071    
  0.271061689       1.38724971       1.63489234    
  -1.27992380      0.863341689      -1.43852031    
   1.93647122      -9.62026790E-03 -0.910642266    
   2.02539921      0.730305970     -0.167007983    
  0.339211643       2.05293345      0.604682863    
   1.40308321      -1.34091556     -0.826336980    
  0.516479969      -1.40736079      -1.45912647    
   1.03107381       1.71330857     -0.783270836    
  -2.05136538      0.222789884     -0.367385387    
   1.34452367     -0.415251762      -1.58584571    
  -1.29857171      0.865656376      -1.43884659    
  -1.44609809       1.51053262     -0.389885843    
  -1.48477340       1.22087157     -0.889079034    
  -1.83373141      0.178512797       1.02390325    
  -1.35254967     -0.938468456       1.29663360    
  0.838992953       1.74196362     -0.956045806    
  0.666305065      -1.74184382      0.976513326    
  0.324050009      -2.06238508      -8.50707106E-03
  -1.04786634      0.898709297      -1.59936833    
 -0.820038438      0.969111681      -1.69330525    
  0.972255349       1.20429015      -1.48555291    
   1.40846622     -0.487155467      -1.50807667    
  -1.03914917      -1.03385782       1.50293505    
   1.89616728     -0.889555931     -0.372072041    
   1.53014541      0.953082502       1.20181656    
  0.217148259      -2.06508398      0.217733040    
  -1.52505040      -1.40146208      0.148257717    
   1.37998700       1.38984168      0.935688198    
  -1.44128394     -0.592013836       1.41025090    
 -0.766049325       1.40713823      -1.39914882    
  0.415876210       2.08894038      0.399397373    
  0.181675747       1.79758549      -1.16182137    
  0.497566283      -1.42050505      -1.45230889    
 -0.980500579      -1.73042345      0.612117648    
  0.133266181      -1.98375845      0.648499966    
  0.473096132       1.70657408       1.24855971    
   1.81307983      0.688024223      0.959910750    
  0.148077220       1.71232498      -1.28377926    
  -1.98927701      0.102274440      0.670906544    
  0.240931481      -1.00778687      -1.81869483    
 -0.849585295      0.433593750      -1.87635350    
   1.45230687     -0.908584058       1.27019918    
   1.80145264      -1.12568748       4.02599834E-02
   1.93532324       1.36997541E-02 -0.913923621    
  -1.24012232      0.304178089      -1.66575789    
  0.454614669      -1.29295409      -1.58108532    
   1.76584649      0.427352518      -1.13838887    
 -0.530785501       2.04619169      0.415071100    
   3.79456463E-03  -2.08264589      -3.27536687E-02
  -7.42980372E-03  -1.43765950      -1.50888312    
 -0.554504812      -1.88868666      0.685098946    
  -2.08215928      0.161192596      0.204786167    
  -1.76349795      -9.76026505E-02  -1.11453378    
  -1.92268765      0.874366641       8.07236973E-03
 -0.781200886       1.98543155      0.255746663    
   1.00976396      0.642822504      -1.76634943    
  -1.53349793      -1.29969430     -0.508755445    
  0.719473720      -1.32005656      -1.46088827    
  0.283690006      0.942323864      -1.88777375    
 -0.895135283      -1.72847188     -0.712004364    
 -0.850585103       1.02938676       1.67305660    
   1.42511833       1.19691658       1.11395156    
   1.79079807      0.994806945     -0.677561402    
 -0.531809330      -1.80459392     -0.875113010    
 -0.607808828      0.759078383       1.90687299    
   1.33506334      0.795385540      -1.47521532    
   1.89346766     -0.845559418      0.504364669    
   1.64544952       1.03807688     -0.926526845    
 -0.575979948       1.96386266     -0.641903400    
   1.93603802      0.962501585      -6.87799156E-02
   1.03922105     -0.100714706      -1.84515774    
 -0.357953399     -0.952824354       1.85090005    
 -0.228830725     -0.650247335       2.00543165    
  0.263193280       1.89118707       1.02232265    
  -1.86571240      0.996367753       3.00377086E-02
  -1.51057029     -0.791237652       1.21810043    
  -1.18391979     -0.995402277       1.41682863    
  -1.02553737       1.56968689      -1.00928223    
  -1.63572586       1.35549557       5.14930710E-02
  0.468805224       1.74831784      -1.16182768    
 -0.326932013      -1.90708816     -0.753907084    
  0.651054263      0.506070197      -1.95875275    
 -0.116404384      -1.53153169      -1.40510738    
  -1.99680316      0.670591235      -5.25235236E-02
  0.867154479     -0.832651317      -1.72827637    
   2.11863565      0.382879198      -9.37888175E-02
   1.86713529      -1.01301157      0.128890708    
  -1.27606761       1.10043979       1.30920625    
  -1.60582638     -0.375289291      -1.27461326    
  -1.67619777     -0.779312551     -0.949634135    
  -1.96451330     -0.406872749      0.593903244    
 -0.133720279     -0.915806890       1.90317595    
  -1.39211249     -0.493483484      -1.46954107    
  -1.96890914      0.584209919      0.482278049    
  -9.08894166E-02   1.12179708       1.83564317    
 -0.437452018      -1.95810807     -0.532211959    
   3.28106768E-02   1.00994539      -1.87160194    
 -0.447489202      -1.98346233      0.448507130    
  0.533758044      -1.26998258       1.60676014    
 -0.761574328      -1.85486650     -0.527674139    
   1.28541136      0.902525485       1.48941839    
  0.672334552      -2.36852989E-02   2.03555298    
  -1.17918897      -1.65934491     -0.388806194    
   1.93092155      0.723868847     -0.625804842    
   2.06848311     -0.528952062     -0.109461688    
   1.36728764       1.67110348     -0.191983178    
  -1.84228969      0.847807407      0.607260942    
 -0.686747849      0.214795008      -1.97532690    
 -0.997765422       1.76223230      0.707731903    
  -1.42297637       1.39372969     -0.734550297    
   1.26655877      -1.57137299      0.627820015    
  -1.78084671     -0.843767345      0.688095868    
  -1.46477592       1.34380651      0.770870447    
  -1.96050012     -0.532884479     -0.439287454    
   1.26759887      0.480050862       1.67929029    
 -0.637780786      0.744448602       1.90207708    
   1.16142619      -1.06895459       1.42573249    
 -0.861058414       1.92433572     -0.380809993    
   1.53947568      0.548910677       1.41365659    
   1.58437717      0.573191464       1.35406649    
  -1.10444045      0.932134211       1.57130456    
  0.438142210      -1.65896058      -1.19021475    
  -1.33422041      0.506581008       1.57333839    
  -1.10484195      0.864444137      -1.57815599    
 -0.479806721       1.30078351      -1.61352956    
 -0.413726836       1.97441745     -0.733564854    
   1.18284333      -1.71046877     -0.315027416    
   2.08981824      0.438738912      0.314761072    
   1.72762096       1.03804982      0.798316777    
 -0.539588809       1.84791124      0.967294991    
   2.12430167     -0.105483331     -0.278125137    
   1.69133151       1.35329556      -6.42258674E-02
  -1.03858042     -0.649490654       1.71553302    
  0.791487813      -1.92817068     -0.210752189    
  0.947565019      -1.06555927      -1.54622483    
  -1.82459271     -0.487845540     -0.876416147    
 -0.796622455      -1.47709477      -1.22029281    
   1.27513409     -0.729958057       1.54972088    
  0.149538547     -0.203474119      -2.08961940    
   1.35855007      0.846092403       1.45684338    
  -1.63040769      0.233182684       1.32463217    
   8.30225125E-02  0.156371146       2.13281679    
   1.42077374      -1.43890226      0.630348265    
   1.85895789       1.10948348       6.02521263E-02
   1.23926985      -1.68478882     -0.239022851    
 -0.125930473      -1.96157372     -0.676637709    
   1.14651835      -1.36439741      -1.11747622    
  0.235432103      0.116374388      -2.09536839    
 -0.141365349      -1.86780822     -0.901365042    
  0.750095367      -1.79100811      0.810620248    
  -1.52165794     -0.538796484      -1.31500959    
   1.32025659       1.47144163      0.897310555    
  -1.78238273      -1.01991022     -0.310295463    
   3.83534357E-02  0.903409719       1.95254683    
  0.104979567      -1.86694944      0.945189953    
   1.39410794       1.38857567      0.916498363    
   1.98629129     -0.262039304      0.773796618    
   8.32938626E-02  -2.03219247      0.474525720    
  0.288194418      -1.10355449      -1.75430596    
   1.33872080      0.673487008      -1.52799070    
 -0.838079095      -1.78157949     -0.648372114    
  0.265177816       2.03598547      0.690535426    
  -1.49047208      0.535790801      -1.38169718    
  0.127004340      -1.25283897       1.69562888    
  0.488150567       2.07364082      0.400910974    
 -0.514375269      -2.01206851       7.37920031E-02
 -0.141205788      0.273201197      -2.08721423    
   2.01901865      0.457040817      0.616501808    
  0.182871997     -0.718882024      -1.96110618    
 -0.107866637      -1.51578903       1.45296717    
  0.641774774       2.03266954      0.400907993    
  -2.27569532     -0.268317580      -1.35789502    
  -1.13965487     -0.424262434      -1.69552922    
   1.42430902       1.25144100      -1.02474320    
   1.22376418      -1.19203603       1.26286769    
 -0.344478101       1.01534379      -1.83169258    
  0.604691863       2.08044410      -3.85275716E-03
 -0.458674788     -0.677898705      -1.92225289    
 -0.154356822       1.04300010      -1.84533465    
  0.867442727      -1.75917470     -0.736964464    
  0.230308086      -1.60912979      -1.30662227    
  -1.62677729       1.33628666      0.299955159    
  -1.16010344      -1.54309571     -0.753168285    
   1.53551972       1.27814221     -0.817187250    
  -2.07602382      0.310650289      -3.91342863E-02
  0.957395375      -1.86637902      -8.09632391E-02
   1.74414229     -0.318733692       1.21011829    
 -0.192939952       8.46810564E-02   2.12480831    
   1.99915659      0.786469519      0.252399594    
   1.46559572       5.26786372E-02   1.57524562    
  -1.54610372     -0.693035126      -1.20592511    
 -0.644420087      -1.97138369      0.118735254    
  0.898675799      0.792432487      -1.76710021    
  -1.80127728      0.851887465     -0.689339995    
  -1.13386357       1.49295676      -1.00397623    
   1.95405889     -0.800013125     -0.282179356    
   1.90264869      0.262132436      0.982879579    
   1.12642479      -1.74372983     -0.329421490    
  0.356380761       6.25894666E-02   2.11105895    
  0.431587517      0.682621658       1.99595523    
   1.29382682       1.67015207     -0.472259730    
 -0.838805616      -1.86798131     -0.326683372    
 -0.265733570      -1.71481979      -1.14351821    
 -0.686008871       1.71847749       1.09708476    
   2.04095292     -0.254233271     -0.587949276    
   1.87892473      0.837650597      0.675848007    
 -0.356531680     -0.641671240       1.98775053    
 -0.160952613      -5.55139445E-02  -2.09650064    
  0.590736568       1.96240246     -0.681064427    
   1.39999688     -0.251620829      -1.57725537    
   1.37771273      -1.58921552      0.188466817    
  -1.94601405      0.416185826     -0.666604578    
   1.13575184     -0.936834037       1.53910804    
  -1.51614547      0.817244112      -1.21505141    
  0.937420845      0.302718014       1.91360962    
  -1.52963781     -0.106350631       1.44887137    
  0.450466782      -1.76930404       1.04215932    
   9.70335379E-02   1.83616471       1.14024520    
   1.14782894       1.80184650      0.387261719    
   1.45365286     -0.106330633       1.57953358    
  0.494289160       1.25299656      0.182702065    
  -1.04977167       1.84502161      0.294890285    
  -1.95731032     -0.219759420     -0.689064622    
  -1.90807438     -0.144210681      0.864580572    
  0.189126238      -1.98495376     -0.602900624    
  0.834516048       1.61482656      -1.15426111    
  -1.28731501      -1.17842233      -1.12182915    
  0.504529178     -0.988271177       1.80952239    
   1.20352149      -1.05263019      -1.37401271    
 -0.202924579     -0.979068696       1.86252069    
 -0.206364453      -1.61702275      -1.29148293    
  -2.01335216     -0.288902789      0.493909776    
   1.12833917     -0.239640519      -1.77774429    
   1.73720598      0.955859482      0.874318302    
  -1.93443727      0.133840516     -0.787295461    
   1.36100149      -1.22920978       1.07197809    
 -0.521847188      -2.01091838       2.00096015E-02
  -2.08474350     -0.128070399      0.126263231    
 -0.808070183       1.02344620      -1.66856146    
  0.658331156     -0.215183079      -1.99515426    
  0.922572970      -1.74721146      0.730832517    
  0.897260845      -1.11968780       1.56561327    
  -1.21368194     -0.699838221       1.56933367    
 -0.338150263     -0.918330729       1.87312031    
  -1.91362405     -0.816930532       5.88589273E-02
 -0.544014275      -1.45425332       1.41028333    
 -0.673784256      0.144341499       2.01471996    
   1.83601081      0.215252951      -1.08107662    
  0.912262797       1.96730888       1.10389655E-02
   1.17419028       1.82392967      -8.15675687E-03
  -1.53786016       1.01374030       1.06403208    
  -3.41202877E-02   2.07406855     -0.581313729    
  -1.03121686       7.41717890E-02   1.85337496    
   1.93275928     -0.653930306      0.642235041    
  -1.78219128     -0.913166821     -0.551689088    
  0.893673360      -1.89814639       5.46296574E-02
 -0.331744313      -5.90369478E-02   2.10386992    
  0.741649091      0.601836383       1.93205786    
 -0.213101581      0.395452976       6.79435134E-02
   1.69555330      0.664011657      -1.13813114    
  0.832198143      -1.83256662      0.609881759    
   2.04426575     -0.577485383     -0.222331300    
  -1.26058555      0.112927303       1.69934821    
 -0.119376905      -1.93019712     -0.762741148    
  -1.45467162     -0.559866488       1.41025090    
  -1.02001524     -0.727522135       1.69356787    
  0.618080795       2.03944206     -0.373011857    
  -1.37221885       1.11972749      -1.15723586    
   1.47236383      -1.47530365     -0.336482912    
  0.370990664      -2.03308654      0.319494098    
  -1.31197298      -1.59438396      0.217953846    
  -2.06561375     -0.292465180      -9.01279598E-02
  -6.22810572E-02  -1.00743949      -1.82905889    
  -1.28617263       1.19050264       1.21880972    
 -0.797484338     -0.222030044      -1.92253220    
   1.09031320      -1.16147172       1.40527689    
  -1.21580732     -0.652488172       1.58927929    
   1.05553961       1.80614185     -0.552298307    
  -1.16229653      -1.07662010       1.37239027    
 -0.278218538      -1.95726979      0.667177916    
  0.674343050       2.04848957     -0.196261168    
 -0.245663568      -1.18815351      -1.69473279    
  0.293929756      -1.56822705       1.37495422    
 -0.153670833       2.15264535       3.37842926E-02
 -0.720266342       1.92828882      0.624904871    
  -1.08103061     -0.851466000       1.59004426    
   1.02710664      0.592802227       1.80277073    
 -0.870223641      -1.76778722     -0.643322051    
 -0.559753060      -1.83161414     -0.797342777    
   1.17351747      -1.05960476      -1.39345646    
   1.15824902     -0.114366703       1.80400705    
   1.79869831     -0.749066591     -0.848542094    
   1.80214870       1.09688938      0.498344481    
   2.06207800      0.640295506      -2.53554415E-02
  -1.62987947      0.638350725      -1.16631401    
   1.57887959     -0.400861919       1.39444256    
 -0.405730784       2.10054684      0.265839249    
  0.314171642       1.10253489       1.82830548    
  0.309678018       1.49349093      -1.50371361    
   1.61408675      -1.27626872      0.521777868    
  -1.28930318      -1.16427696       1.16432714    
  -1.62281299       1.15392923     -0.716112196    
   1.31458044      0.698890209       1.56743646    
  -6.98993281E-02  -1.17781115      -1.72098720    
  -1.30100191     -0.641484797      -1.49327099    
  0.973628759      0.296527863       1.89669132    
 -0.602928638      0.969759941      -1.78446460    
 -0.818482459     -0.198618785      -1.91647351    
   1.91778302     -0.801618814      0.488205254    
   1.15985560     -0.542384505      -1.68306494    
   1.53502011     -0.720998228       1.30075669    
 -0.421100587      -1.99428070     -0.395607531    
  0.966948032      0.414968342      -1.85018730    
   2.08443522      0.543955445     -0.114743173    
  -1.40259361       1.60529172      -3.25968787E-02
   1.05833149     -0.126431510       1.86233449    
  -1.38611019      -1.34633207     -0.750397205    
  -1.09808743      -1.26567888       1.25346601    
   2.11952877     -0.304098248      0.110724844    
  0.317408293       2.03163576      0.682959020    
  0.777311683       1.98176396      0.420600623    
  0.307620853       1.40060663       1.61772108    
   1.37678480       1.67632353       2.89561171E-02
  0.353616178      -2.04458904      0.252833694    
  0.279808760       2.11570835     -0.337907463    
  -1.05623078     -0.770658016       1.10457802    
 -0.868104696     -0.901195705      -1.66344488    
  0.229545131       2.15075564      -6.87588518E-03
  -1.22490537      0.725371480       1.58393693    
 -0.970779598      -9.18800384E-02   1.88267279    
 -0.489917785     -0.887950003      -1.82251060    
  0.652140319      -1.98399019      0.162190259    
   1.29497027      -1.41942286     -0.862951934    
  -1.51600897     -0.935529172      -1.06704414    
  -1.45327437       1.25407434     -0.897160232    
 -0.526873231       1.33331168      -1.57211769    
  -1.71720302      0.130393788      -1.18902695    
  0.742366552       1.14186823       1.68057930    
   1.51348317     -0.346330076      -1.45024884    
  -1.00056267      0.106648184       1.86978638    
   1.39386237       1.40792954      0.887207568    
 -0.166484132     -0.782134116       1.96200621    
 -0.421223432       1.37673628       1.59930933    
   1.89960074       1.03183711      0.123628512    
  -1.19184268     -0.286943078       1.72057080    
   1.63347495     -0.921483219     -0.986161351    
 -0.414541483       2.06593895      0.458498716    
  -1.13882470      -1.26605749      -1.18495119    
  -1.04258537      -1.41504157       1.13024747    
  -1.82895947      0.957151055      0.474947512    
  0.403461039       2.11615992      0.226938620    
  0.962718129     -0.743371427      -1.72195947    
   9.45992395E-02 -0.432744771       2.08271837    
  -1.53940094       1.45124042      0.241118938    
  0.358162910       1.41963017      -1.56179106    
 -0.746558666      -1.92397380     -0.211792186    
 -0.293503851      -1.37554419      -1.53414142    
 -0.171516538      -1.41599321       1.54689693    
  -1.06906486      -1.31604707      -1.19530213    
  -1.20220518      -1.27953136       1.13403070    
 -0.295192808      0.573602676       2.04271269    
  -1.37998939      0.525534391      -1.49633360    
  -1.51062465       1.35884309      0.641841352    
  -1.54013848       1.07307661     -0.972149134    
   1.37046456      -1.46446681     -0.648577332    
   2.05394673      -5.18990643E-02  0.638207018    
   1.49501538      -1.39922488      0.546014607    
   1.96982515      0.369182914     -0.773273051    
   6.92923591E-02 -0.291223347      -2.08079529    
 -0.306111723      0.709388077      -1.97031152    
   1.49293709     -0.726353168       1.34544897    
 -0.415408432      0.151654214      -2.05713844    
   1.58126545     -0.448787451      -1.34571457    
 -0.683466792       1.29491699       1.57002676    
 -0.780207515       1.99087763      0.210801363    
  0.985370278      -1.58483219     -0.959668279    
 -0.981661081      0.472972155       1.83012986    
  -1.63886404       1.27751982     -0.421190828    
  -2.05030036      0.467971653       3.28355376E-03
  -2.07970643       6.24933951E-02 -0.231788501    
